Nodes:  100
Narcs:  495
Snode:  7
Enode:  49
    0        26    0   26     13.21      5.14
    1        59    0   59     11.62      8.52
    2        62    0   62     16.88      2.82
    3        86    0   86     16.85      6.07
    4        96    0   96     15.76      1.53
    5      1009    1    9     18.54      3.83
    6      1030    1   30     11.39      3.54
    7      1034    1   34     16.35      9.06
    8      1053    1   53     12.37      3.47
    9      2033    2   33     13.35       1.7
   10      3024    3   24     13.72      9.45
   11      3030    3   30     13.73      4.29
   12      3052    3   52     18.13      9.08
   13      4013    4   13     14.68      5.26
   14      4056    4   56     17.81      3.28
   15      5004    5    4     19.99      8.99
   16      5014    5   14     12.56      1.35
   17      5026    5   26     12.47      5.28
   18      5029    5   29     14.94      7.92
   19      5043    5   43     19.35      7.94
   20      5073    5   73     15.17      1.94
   21      5076    5   76     16.96      7.77
   22      6008    6    8     16.27      4.11
   23      6050    6   50     15.16      7.07
   24      6067    6   67     19.81      3.51
   25      6083    6   83     16.56      9.75
   26      7019    7   19     17.86       3.5
   27      7033    7   33     12.82      4.42
   28      7043    7   43     10.98      5.43
   29      8009    8    9     11.84      5.09
   30      8011    8   11     18.66      2.78
   31      9029    9   29     19.87      3.31
   32      9031    9   31     15.54      9.01
   33      9044    9   44     14.13      1.28
   34      9057    9   57     18.46      5.74
   35      9080    9   80     17.64      6.66
   36     10000   10    0     16.94      5.06
   37     10033   10   33     16.32       7.8
   38     10040   10   40     10.48      5.12
   39     10080   10   80     16.28      7.13
   40     10081   10   81     15.45      1.65
   41     10083   10   83     19.38      3.11
   42     11023   11   23     14.82      8.13
   43     11044   11   44     11.04      2.94
   44     11052   11   52     11.71      6.45
   45     11063   11   63     15.93      7.49
   46     12013   12   13     18.91      3.25
   47     12025   12   25     17.64      6.54
   48     12036   12   36     12.64      3.77
   49     12051   12   51     18.43      3.25
   50     12079   12   79     18.67      7.03
   51     12081   12   81     16.62      3.18
   52     12084   12   84      14.3      4.63
   53     12095   12   95     12.58      2.31
   54     13014   13   14     14.01      6.45
   55     13015   13   15      11.7      1.14
   56     13022   13   22     13.74      3.72
   57     13030   13   30      11.8      3.85
   58     13050   13   50     12.59      5.17
   59     13069   13   69     13.73      2.19
   60     13070   13   70     10.28      9.11
   61     13080   13   80     11.19      8.08
   62     14015   14   15     17.61      5.65
   63     14054   14   54     14.65      4.36
   64     14096   14   96     18.14      7.05
   65     15047   15   47     16.71      7.08
   66     15074   15   74     10.82      7.18
   67     15077   15   77     15.65      9.86
   68     15078   15   78     18.96      5.94
   69     15092   15   92     17.26      3.96
   70     16040   16   40     15.06      5.49
   71     16048   16   48     16.91      7.86
   72     16061   16   61     19.91      7.89
   73     17000   17    0     10.66      2.26
   74     17025   17   25     13.89      3.42
   75     17036   17   36     19.92      5.94
   76     17043   17   43     15.46      9.26
   77     17049   17   49     15.21      1.74
   78     18001   18    1     18.29      3.44
   79     18014   18   14     12.63      4.44
   80     18017   18   17     15.74      4.31
   81     18053   18   53     18.41      6.65
   82     18074   18   74     18.56      1.26
   83     18077   18   77     17.17      4.67
   84     18088   18   88     14.87      6.12
   85     18091   18   91     12.79      4.68
   86     18094   18   94     15.03      9.37
   87     18096   18   96     18.51       3.6
   88     19012   19   12     10.54       2.7
   89     19020   19   20     11.87      4.24
   90     19023   19   23     15.29      3.86
   91     19031   19   31      16.9      8.33
   92     19042   19   42     13.43      9.47
   93     19064   19   64     19.85      2.23
   94     19066   19   66     19.25      4.68
   95     19086   19   86     12.02      7.75
   96     19096   19   96     15.23      1.28
   97     20002   20    2     14.25      7.95
   98     20008   20    8     14.66      3.54
   99     20011   20   11     11.23      9.76
  100     20015   20   15     15.68       2.9
  101     20025   20   25     15.76      7.65
  102     20044   20   44     19.47      4.69
  103     20048   20   48     13.03      2.73
  104     20060   20   60     11.61      4.75
  105     20064   20   64     17.08      3.14
  106     20068   20   68     16.53      6.79
  107     20094   20   94     17.71      7.93
  108     21013   21   13     11.26      3.22
  109     21056   21   56     13.51      8.69
  110     21074   21   74     11.24      8.61
  111     21084   21   84      16.9      1.66
  112     21086   21   86     11.65      1.03
  113     22013   22   13     14.63      1.92
  114     22029   22   29     16.06         7
  115     22040   22   40     10.27      3.18
  116     22048   22   48     19.71      3.11
  117     22093   22   93     12.17      2.55
  118     23047   23   47     13.49      5.07
  119     23075   23   75     14.58      4.73
  120     23078   23   78      12.9       8.5
  121     23096   23   96     18.93      8.12
  122     24000   24    0     12.38      9.66
  123     24001   24    1     14.45      7.68
  124     24022   24   22     10.04      3.71
  125     24032   24   32     19.91      7.26
  126     24043   24   43     18.39      3.63
  127     24065   24   65     15.18       1.2
  128     24084   24   84     13.01      6.18
  129     24095   24   95     13.51      6.52
  130     25034   25   34     19.51      6.69
  131     25036   25   36     13.79      6.77
  132     25069   25   69     18.27      2.12
  133     25081   25   81     18.97      8.83
  134     26012   26   12     12.82      4.48
  135     26013   26   13     10.81      4.26
  136     26091   26   91     15.27      3.07
  137     26094   26   94     10.92      2.45
  138     27022   27   22     16.67      9.88
  139     27027   27   27     14.41      5.67
  140     27051   27   51     12.65      2.72
  141     27052   27   52     16.77      2.35
  142     27073   27   73      17.3      6.78
  143     28004   28    4     18.53      7.83
  144     28005   28    5      17.7      2.53
  145     28029   28   29     12.32      8.15
  146     28091   28   91     12.72      4.92
  147     29001   29    1     18.68      6.66
  148     29015   29   15     18.29      1.13
  149     29057   29   57     11.68      9.12
  150     29076   29   76     13.78      5.65
  151     29093   29   93     11.21      1.69
  152     30003   30    3     19.04      5.54
  153     30066   30   66     10.56      6.38
  154     30090   30   90     13.28      3.13
  155     31014   31   14     17.08      8.45
  156     31020   31   20     15.63      8.47
  157     31030   31   30     15.25      1.82
  158     31053   31   53     19.18      2.33
  159     32019   32   19        20      9.99
  160     32034   32   34     19.63       3.2
  161     32041   32   41     10.22      2.72
  162     32074   32   74     13.85      6.64
  163     33040   33   40     14.81      4.51
  164     33058   33   58     14.36      1.05
  165     33062   33   62     13.13      2.51
  166     33081   33   81     11.09      7.52
  167     33091   33   91     11.35      5.75
  168     33097   33   97     15.18      4.87
  169     34017   34   17     12.87      3.27
  170     34025   34   25     16.68      8.77
  171     34049   34   49     15.83      5.94
  172     34067   34   67      18.5       8.8
  173     34074   34   74     18.17      4.75
  174     35083   35   83     19.63       2.2
  175     35098   35   98     11.59      2.91
  176     36028   36   28     18.71      7.82
  177     36054   36   54     14.22      7.37
  178     36074   36   74     16.64      3.91
  179     36079   36   79     15.86      5.26
  180     37003   37    3     11.72      5.38
  181     37004   37    4     15.29      1.65
  182     37066   37   66     10.81      8.68
  183     37070   37   70     15.06       2.1
  184     37075   37   75     12.92      5.58
  185     37079   37   79     16.44      8.19
  186     37085   37   85     13.89         4
  187     37099   37   99     10.45      1.37
  188     38008   38    8     16.42      7.24
  189     38031   38   31     12.84      5.94
  190     38044   38   44     15.37      5.21
  191     38050   38   50     13.32      2.55
  192     38057   38   57     19.83      4.67
  193     38082   38   82     18.59      8.14
  194     39002   39    2     16.29      9.77
  195     39008   39    8     15.89      9.32
  196     39017   39   17     18.34      8.12
  197     39039   39   39     16.25      2.17
  198     39070   39   70     14.79      7.39
  199     40007   40    7     11.44      6.42
  200     40012   40   12     14.17      7.18
  201     40054   40   54     12.66      6.98
  202     40065   40   65      18.3      1.31
  203     40079   40   79     12.52      5.39
  204     41017   41   17     10.06      2.58
  205     41027   41   27     12.75      8.72
  206     41047   41   47     15.62      8.31
  207     41081   41   81     11.01      3.29
  208     42015   42   15     12.91         7
  209     42016   42   16     14.42      9.79
  210     42033   42   33     10.53      4.68
  211     42044   42   44     13.49      2.48
  212     42065   42   65      11.5      7.13
  213     43012   43   12      14.2      3.43
  214     43033   43   33      11.1      1.72
  215     43038   43   38     18.61      9.79
  216     43052   43   52      13.2      1.31
  217     43055   43   55      16.7      9.95
  218     43067   43   67     19.77      9.86
  219     43097   43   97     14.38      4.17
  220     44018   44   18     14.68      4.42
  221     44038   44   38     17.73      7.54
  222     44068   44   68        16      8.35
  223     44078   44   78     16.79      9.41
  224     44090   44   90     12.53      2.21
  225     45028   45   28     12.81      9.27
  226     45043   45   43     14.08      1.39
  227     45061   45   61     18.14      9.07
  228     45062   45   62      14.4      6.27
  229     45076   45   76     19.97      6.75
  230     46099   46   99      10.7      2.44
  231     47007   47    7     12.19      6.71
  232     47008   47    8     16.79         7
  233     47022   47   22      13.8      6.27
  234     47046   47   46     10.33      9.36
  235     47069   47   69     12.46      8.59
  236     48020   48   20      10.2      9.24
  237     48054   48   54     10.07      8.04
  238     48065   48   65     16.01      2.59
  239     48075   48   75     11.13      4.39
  240     48078   48   78     18.13      8.18
  241     49018   49   18     13.82       6.4
  242     49024   49   24     19.86      5.44
  243     49034   49   34      14.3      9.51
  244     49071   49   71     15.38      3.52
  245     49090   49   90     13.51      2.41
  246     49095   49   95     13.32      6.37
  247     50010   50   10     13.82      5.96
  248     50031   50   31     12.77      4.48
  249     50034   50   34     10.66      5.89
  250     50050   50   50     11.93       1.1
  251     50071   50   71      15.2      7.98
  252     51001   51    1     10.57      9.88
  253     51049   51   49     16.82      7.12
  254     51059   51   59     10.09      5.31
  255     51065   51   65     16.87      7.73
  256     51092   51   92     13.76      2.08
  257     52054   52   54     13.72      3.36
  258     52066   52   66     14.12      8.57
  259     52092   52   92      17.1      8.91
  260     53029   53   29     10.22      5.62
  261     53047   53   47      14.4      7.56
  262     53065   53   65     19.74      3.33
  263     53078   53   78     13.99      4.48
  264     53091   53   91     10.01      5.03
  265     53099   53   99     19.11      2.54
  266     54018   54   18      16.7      4.09
  267     54023   54   23     11.26      6.86
  268     54025   54   25     10.94      8.75
  269     54054   54   54     19.63      3.11
  270     54059   54   59     14.41       4.1
  271     54060   54   60     10.81      4.49
  272     54068   54   68     17.56      1.58
  273     54097   54   97     12.44      8.37
  274     55006   55    6     13.65       2.9
  275     55033   55   33     15.53      6.29
  276     55036   55   36     19.98      7.75
  277     55046   55   46      17.2       9.5
  278     55059   55   59     16.58      4.02
  279     55089   55   89     12.15      5.01
  280     56099   56   99     10.69       8.6
  281     57005   57    5     13.49      4.95
  282     57023   57   23     11.29      2.76
  283     57033   57   33     16.05      3.52
  284     57096   57   96     17.23      5.67
  285     58000   58    0     12.79       1.7
  286     58005   58    5     13.25      1.01
  287     58033   58   33     14.94      3.35
  288     58053   58   53     14.84      6.58
  289     58054   58   54     11.17      2.45
  290     58059   58   59     17.07      4.92
  291     58062   58   62     18.52      1.56
  292     59019   59   19     16.27       9.5
  293     59087   59   87     18.22      3.96
  294     60012   60   12     18.09      9.49
  295     60029   60   29     12.82      5.94
  296     60072   60   72     12.16      7.59
  297     61009   61    9     15.38      1.92
  298     61025   61   25     18.86      5.72
  299     61045   61   45     10.47      6.95
  300     61049   61   49     12.64      2.48
  301     61052   61   52     15.05      8.48
  302     61058   61   58     17.93      6.48
  303     61078   61   78     15.74      9.72
  304     61087   61   87     14.44      6.36
  305     62010   62   10     13.38      3.97
  306     62011   62   11        18      7.35
  307     62038   62   38     19.41      7.29
  308     62045   62   45      10.8      6.14
  309     62054   62   54     15.25      9.45
  310     62063   62   63     13.81      5.64
  311     62073   62   73     11.98      7.01
  312     62076   62   76     10.17      9.22
  313     63016   63   16     15.94      2.83
  314     63037   63   37     15.54      2.32
  315     64032   64   32      16.7      6.01
  316     64090   64   90     12.51      6.86
  317     64094   64   94     17.43      7.47
  318     64097   64   97     17.76      8.05
  319     65001   65    1     14.86      4.16
  320     65002   65    2     14.36      1.96
  321     65014   65   14      19.4      1.45
  322     65061   65   61     18.38      4.04
  323     66056   66   56     13.59      7.92
  324     66067   66   67      15.9      8.53
  325     66068   66   68     15.79      4.07
  326     66098   66   98     19.54       8.4
  327     67021   67   21     14.99      2.32
  328     67034   67   34     19.21      2.75
  329     67049   67   49     13.89      9.41
  330     67065   67   65     14.94      6.53
  331     68006   68    6     11.93      4.61
  332     68012   68   12      10.9      3.47
  333     68027   68   27     18.01       8.4
  334     68068   68   68     17.96      2.79
  335     68090   68   90     14.86      9.07
  336     69042   69   42     14.81      9.19
  337     69070   69   70     12.43      2.11
  338     69095   69   95     18.24      5.51
  339     69096   69   96     18.03      5.69
  340     70003   70    3     15.88      4.97
  341     70016   70   16     19.92      6.34
  342     70017   70   17        12      3.09
  343     70028   70   28     16.41      6.16
  344     70051   70   51     10.22      6.32
  345     70058   70   58     10.86      1.53
  346     70062   70   62     17.71      7.37
  347     70078   70   78     12.51      2.81
  348     70085   70   85     16.99      2.05
  349     71001   71    1      15.9      9.59
  350     71028   71   28     11.53      6.14
  351     71058   71   58     14.18      6.72
  352     71065   71   65     11.08      4.25
  353     71070   71   70     12.02      6.09
  354     71075   71   75     14.56      7.88
  355     71087   71   87     11.16      2.88
  356     72019   72   19     19.87      2.86
  357     72023   72   23     15.26      2.06
  358     72028   72   28     19.17      3.49
  359     72039   72   39     16.51      2.93
  360     72043   72   43     10.41      9.64
  361     72048   72   48     14.93      8.35
  362     72060   72   60     15.43      2.25
  363     72098   72   98     11.26      2.79
  364     73003   73    3     18.17      1.19
  365     73058   73   58     15.32      2.97
  366     73064   73   64     17.29      8.48
  367     73077   73   77     17.62      1.43
  368     74031   74   31     11.99      9.24
  369     74034   74   34      16.9      8.32
  370     74062   74   62     15.85      5.88
  371     74063   74   63     18.29      2.27
  372     75003   75    3     19.97       4.6
  373     75009   75    9     13.87      8.41
  374     75018   75   18     18.69      6.28
  375     75021   75   21     18.49      8.37
  376     75098   75   98     13.45      4.44
  377     76008   76    8      16.3      6.54
  378     76024   76   24      10.5       5.3
  379     76061   76   61     14.07      3.48
  380     76066   76   66     15.39      5.09
  381     76084   76   84     15.14      7.47
  382     77006   77    6     16.02      1.34
  383     77008   77    8     19.47      1.66
  384     77041   77   41     14.85      2.82
  385     77079   77   79     16.67      2.04
  386     77097   77   97     15.34      5.48
  387     78014   78   14     18.13      6.01
  388     78025   78   25     14.74      1.53
  389     78028   78   28     15.77      6.69
  390     78056   78   56     12.64      2.52
  391     78059   78   59     11.27      9.65
  392     78066   78   66     11.43      2.45
  393     79001   79    1     12.04       1.8
  394     79006   79    6     18.86      8.97
  395     79021   79   21     12.47      9.84
  396     79035   79   35     18.41      9.21
  397     79052   79   52     16.88      7.31
  398     79057   79   57      12.8      2.77
  399     79065   79   65     10.41      4.09
  400     79075   79   75     17.47      6.47
  401     79077   79   77     18.97      8.51
  402     79098   79   98     13.77      5.87
  403     80003   80    3     11.63      9.12
  404     80004   80    4     10.11      6.41
  405     80067   80   67      12.3      2.99
  406     80081   80   81     13.09      4.18
  407     80092   80   92     13.75       5.9
  408     81010   81   10     12.61      4.37
  409     81015   81   15      10.7      2.11
  410     81026   81   26     17.15      7.66
  411     81052   81   52     19.34       6.3
  412     82042   82   42     16.22      7.28
  413     82097   82   97     18.69      1.29
  414     83000   83    0     17.16       6.3
  415     83023   83   23     15.85      4.78
  416     83032   83   32     16.88      9.58
  417     83070   83   70     16.86      3.79
  418     83074   83   74     15.81      6.92
  419     83075   83   75     12.46      6.14
  420     83081   83   81     16.28      5.09
  421     84033   84   33     13.99      6.39
  422     84091   84   91     10.83      4.79
  423     85019   85   19      16.2       6.8
  424     85067   85   67     15.83      4.76
  425     85083   85   83     19.47      3.19
  426     85091   85   91     10.24      2.54
  427     86031   86   31      15.6      3.59
  428     86033   86   33     11.45      7.69
  429     86043   86   43     17.93      7.82
  430     87003   87    3     16.71      1.06
  431     87021   87   21     19.98      4.75
  432     87097   87   97     14.16      8.52
  433     88017   88   17     10.35       2.1
  434     88023   88   23     13.51      5.61
  435     88044   88   44     11.31      1.94
  436     88071   88   71     13.23       5.2
  437     89007   89    7     17.89      1.81
  438     89050   89   50     17.49      8.92
  439     89073   89   73     13.93      5.02
  440     90011   90   11     15.26      5.82
  441     90019   90   19     19.69      2.73
  442     90052   90   52     11.62      2.43
  443     90066   90   66     15.52      9.58
  444     91013   91   13      18.7         5
  445     91033   91   33     11.03      4.72
  446     91034   91   34     17.83      9.28
  447     91050   91   50     12.46      8.45
  448     91069   91   69     14.23      3.94
  449     91071   91   71     16.53      2.49
  450     91098   91   98      16.1      7.01
  451     92016   92   16      16.5      7.27
  452     92034   92   34     18.24      8.82
  453     92043   92   43     19.41      8.94
  454     92063   92   63     11.57      7.98
  455     92064   92   64     12.01      8.63
  456     93026   93   26      10.5       6.6
  457     93027   93   27     16.98         7
  458     93028   93   28     12.23      7.04
  459     93036   93   36     16.51      1.65
  460     93069   93   69     18.81      4.95
  461     93075   93   75     14.98      5.35
  462     93079   93   79     10.61      5.67
  463     94007   94    7     17.55      6.99
  464     94008   94    8     10.26      7.38
  465     94030   94   30     18.38      7.04
  466     94055   94   55     19.76      6.16
  467     94060   94   60     17.47      2.03
  468     94068   94   68     14.24      8.57
  469     95005   95    5     14.39      8.72
  470     95021   95   21     14.12      6.86
  471     95039   95   39     11.14      8.12
  472     95058   95   58      10.2      8.55
  473     95076   95   76     17.13       5.4
  474     95095   95   95     16.41      2.39
  475     96047   96   47      17.4      9.39
  476     96071   96   71     14.46      2.35
  477     96085   96   85      12.5      8.74
  478     97020   97   20     11.71      1.03
  479     97026   97   26     12.62      1.42
  480     97093   97   93     15.54      5.77
  481     98001   98    1     16.16      4.34
  482     98034   98   34     12.95      5.25
  483     98039   98   39     11.59       9.5
  484     98051   98   51     16.95      6.19
  485     98077   98   77     17.29      2.48
  486     98081   98   81     12.77      9.22
  487     98087   98   87     12.44      7.32
  488     98092   98   92     16.71      7.13
  489     99002   99    2     19.74      1.54
  490     99009   99    9     10.71      9.95
  491     99012   99   12     18.64      5.42
  492     99029   99   29     14.42      2.58
  493     99066   99   66     17.31      1.28
  494     99078   99   78     14.15      7.31


   0  26  59  62  86  96
   1   9  30  34  53
   2  33
   3  24  30  52
   4  13  56
   5   4  14  26  29  43  73  76
   6   8  50  67  83
   7  19  33  43
   8   9  11
   9  29  31  44  57  80
  10   0  33  40  80  81  83
  11  23  44  52  63
  12  13  25  36  51  79  81  84  95
  13  14  15  22  30  50  69  70  80
  14  15  54  96
  15  47  74  77  78  92
  16  40  48  61
  17   0  25  36  43  49
  18   1  14  17  53  74  77  88  91  94  96
  19  12  20  23  31  42  64  66  86  96
  20   2   8  11  15  25  44  48  60  64  68  94
  21  13  56  74  84  86
  22  13  29  40  48  93
  23  47  75  78  96
  24   0   1  22  32  43  65  84  95
  25  34  36  69  81
  26  12  13  91  94
  27  22  27  51  52  73
  28   4   5  29  91
  29   1  15  57  76  93
  30   3  66  90
  31  14  20  30  53
  32  19  34  41  74
  33  40  58  62  81  91  97
  34  17  25  49  67  74
  35  83  98
  36  28  54  74  79
  37   3   4  66  70  75  79  85  99
  38   8  31  44  50  57  82
  39   2   8  17  39  70
  40   7  12  54  65  79
  41  17  27  47  81
  42  15  16  33  44  65
  43  12  33  38  52  55  67  97
  44  18  38  68  78  90
  45  28  43  61  62  76
  46  99
  47   7   8  22  46  69
  48  20  54  65  75  78
  49  18  24  34  71  90  95
  50  10  31  34  50  71
  51   1  49  59  65  92
  52  54  66  92
  53  29  47  65  78  91  99
  54  18  23  25  54  59  60  68  97
  55   6  33  36  46  59  89
  56  99
  57   5  23  33  96
  58   0   5  33  53  54  59  62
  59  19  87
  60  12  29  72
  61   9  25  45  49  52  58  78  87
  62  10  11  38  45  54  63  73  76
  63  16  37
  64  32  90  94  97
  65   1   2  14  61
  66  56  67  68  98
  67  21  34  49  65
  68   6  12  27  68  90
  69  42  70  95  96
  70   3  16  17  28  51  58  62  78  85
  71   1  28  58  65  70  75  87
  72  19  23  28  39  43  48  60  98
  73   3  58  64  77
  74  31  34  62  63
  75   3   9  18  21  98
  76   8  24  61  66  84
  77   6   8  41  79  97
  78  14  25  28  56  59  66
  79   1   6  21  35  52  57  65  75  77  98
  80   3   4  67  81  92
  81  10  15  26  52
  82  42  97
  83   0  23  32  70  74  75  81
  84  33  91
  85  19  67  83  91
  86  31  33  43
  87   3  21  97
  88  17  23  44  71
  89   7  50  73
  90  11  19  52  66
  91  13  33  34  50  69  71  98
  92  16  34  43  63  64
  93  26  27  28  36  69  75  79
  94   7   8  30  55  60  68
  95   5  21  39  58  76  95
  96  47  71  85
  97  20  26  93
  98   1  34  39  51  77  81  87  92
  99   2   9  12  29  66  78
