Nodes:  100
Narcs:  495
Snode:  35
Enode:  23
    0         7    0    7     11.57      4.69
    1        13    0   13     19.38      1.75
    2        19    0   19     18.18      2.84
    3        30    0   30     10.95      2.78
    4        36    0   36     14.28      3.16
    5        37    0   37     11.66         4
    6        70    0   70     14.95      2.85
    7        88    0   88     19.73      9.68
    8      1000    1    0     10.04      8.41
    9      1077    1   77     14.88       4.3
   10      1083    1   83     14.14      2.68
   11      2052    2   52     11.93      3.14
   12      2075    2   75     18.92      1.48
   13      3000    3    0      10.9         9
   14      3022    3   22     17.98      8.99
   15      3044    3   44     11.04      6.65
   16      4012    4   12     11.44      6.17
   17      4030    4   30     13.13      1.26
   18      4041    4   41     15.63      2.97
   19      4058    4   58     15.85      7.47
   20      4075    4   75     10.85      3.01
   21      4085    4   85     17.64      7.37
   22      4088    4   88     18.75      8.27
   23      5015    5   15     12.17       6.7
   24      5031    5   31     13.19      6.82
   25      5036    5   36     14.95      3.79
   26      6063    6   63     13.76       2.9
   27      7023    7   23     19.91      3.72
   28      7024    7   24     16.46      9.93
   29      7060    7   60     14.98      6.88
   30      7067    7   67     19.42      1.51
   31      8000    8    0     16.73      2.17
   32      8058    8   58     15.55      7.21
   33      8092    8   92      17.9      2.87
   34      9039    9   39     14.38      7.12
   35      9043    9   43     15.87      2.43
   36      9061    9   61     13.57      1.85
   37      9075    9   75     12.92      1.99
   38      9083    9   83     18.69      1.47
   39      9085    9   85     10.82      5.39
   40      9097    9   97     18.02      9.33
   41     10001   10    1     18.28      8.06
   42     10005   10    5     14.77      5.76
   43     10012   10   12     11.68      7.63
   44     10026   10   26      12.2      1.71
   45     10028   10   28     10.34      8.03
   46     10057   10   57     13.88      3.69
   47     10061   10   61     14.73      9.58
   48     10072   10   72     12.97      5.41
   49     10074   10   74     16.57      7.32
   50     10097   10   97     14.44      9.57
   51     11020   11   20     10.72      2.35
   52     11030   11   30     19.28      2.48
   53     11034   11   34     18.17      3.82
   54     11037   11   37     11.92      7.54
   55     11051   11   51     13.59      3.29
   56     11055   11   55     12.22      3.12
   57     12006   12    6     16.04      6.59
   58     12028   12   28     14.89      4.03
   59     12067   12   67     15.71      7.98
   60     12076   12   76     16.51      4.22
   61     13032   13   32     15.27      3.62
   62     13087   13   87     17.01      9.29
   63     13090   13   90     11.81      6.81
   64     14019   14   19     14.41      5.48
   65     14028   14   28     14.47      6.34
   66     14056   14   56     12.93      8.77
   67     14060   14   60     16.11       9.4
   68     14062   14   62     13.85      9.68
   69     14074   14   74     15.53      4.44
   70     14084   14   84     15.45      4.76
   71     14095   14   95     18.48      6.31
   72     15000   15    0     13.89      2.55
   73     15029   15   29     18.65      1.67
   74     15033   15   33     15.56      3.81
   75     15038   15   38     12.61      8.98
   76     15064   15   64     13.63      8.04
   77     15071   15   71     17.16      3.93
   78     15073   15   73     13.36      1.71
   79     15096   15   96      17.7      2.99
   80     16005   16    5      11.5      6.01
   81     16044   16   44     15.91      1.69
   82     16090   16   90     17.77      1.31
   83     16093   16   93     18.32      8.89
   84     17014   17   14     10.43      4.92
   85     17017   17   17     15.59      3.54
   86     17019   17   19        18      7.33
   87     17030   17   30     15.83      9.43
   88     17074   17   74     15.44      4.79
   89     17094   17   94     11.67       9.4
   90     18001   18    1     13.45      3.68
   91     18056   18   56     11.72      8.92
   92     18097   18   97      13.1      5.43
   93     19008   19    8     15.94      6.43
   94     19009   19    9      16.4         7
   95     19029   19   29     19.47       1.4
   96     19032   19   32     12.12      6.12
   97     19051   19   51     13.14      1.24
   98     19067   19   67     15.95      8.73
   99     19069   19   69     11.27       1.6
  100     19074   19   74     19.32       2.1
  101     19092   19   92     10.32      3.91
  102     20030   20   30     10.34       5.2
  103     20039   20   39     16.36      5.81
  104     20042   20   42     18.51      4.57
  105     20047   20   47     18.71      6.46
  106     20051   20   51     16.39      9.41
  107     20065   20   65     16.11       3.3
  108     20096   20   96     15.26      5.74
  109     21020   21   20     15.33      2.41
  110     21037   21   37     18.27      8.78
  111     21044   21   44     13.76      6.51
  112     21049   21   49     18.92      5.11
  113     22002   22    2     10.97      5.58
  114     22011   22   11     16.78      4.47
  115     22056   22   56     10.57      4.16
  116     22063   22   63      19.3      3.48
  117     22066   22   66     15.47      7.87
  118     22094   22   94      15.8      5.87
  119     22096   22   96     18.66      3.98
  120     23026   23   26     13.69      5.21
  121     23032   23   32     14.75      5.72
  122     23036   23   36     19.65      5.55
  123     23079   23   79     14.91      3.01
  124     24018   24   18     13.29      2.45
  125     24053   24   53     15.21      5.97
  126     24054   24   54     19.63       1.9
  127     24076   24   76      11.1      2.59
  128     24077   24   77     14.75      6.66
  129     25009   25    9     14.88      7.38
  130     25043   25   43     12.22      9.35
  131     26034   26   34     14.12      2.12
  132     26052   26   52     10.71      8.84
  133     26060   26   60     13.59      1.12
  134     26063   26   63     17.19       7.8
  135     26079   26   79      13.9      1.08
  136     26095   26   95     15.22       9.5
  137     27017   27   17      11.4      4.91
  138     27061   27   61      18.9      4.28
  139     27065   27   65     11.76       1.1
  140     27093   27   93     15.63      7.13
  141     27098   27   98     13.92      2.73
  142     28072   28   72     12.25      6.09
  143     28085   28   85     18.47       3.3
  144     28092   28   92     18.07      5.79
  145     29008   29    8     11.42      2.97
  146     29022   29   22     13.12      6.59
  147     29033   29   33     17.63      6.67
  148     31059   31   59     19.32      6.34
  149     31073   31   73     11.31      2.56
  150     31075   31   75     10.11      1.63
  151     31082   31   82     10.94      2.24
  152     31093   31   93     19.24      3.08
  153     32010   32   10     16.07      7.77
  154     32012   32   12     14.08      9.33
  155     32051   32   51     16.19      4.59
  156     33029   33   29     13.65      3.73
  157     33034   33   34     15.03      2.26
  158     33035   33   35      18.3      6.51
  159     33053   33   53     19.69      7.23
  160     33058   33   58     15.55      1.51
  161     33071   33   71     16.24       1.9
  162     33085   33   85     17.32      8.66
  163     34000   34    0     19.29       3.4
  164     34030   34   30     12.86      9.29
  165     34040   34   40     12.99      1.62
  166     34045   34   45     16.11       8.6
  167     34046   34   46     10.89      8.84
  168     34060   34   60     18.69      7.89
  169     34064   34   64     16.68      8.41
  170     34073   34   73     15.27      8.74
  171     34081   34   81     17.24      8.65
  172     35010   35   10     16.94      1.53
  173     35015   35   15        19      6.32
  174     35049   35   49      18.6      7.55
  175     35056   35   56     11.65      7.61
  176     35062   35   62     15.01      7.37
  177     35070   35   70     19.21       9.8
  178     36013   36   13     11.84      7.45
  179     36050   36   50      14.7      9.61
  180     36098   36   98     17.42      8.07
  181     37004   37    4     12.54      2.34
  182     37048   37   48     13.25      7.73
  183     37084   37   84      14.8      4.41
  184     38005   38    5     14.61      6.27
  185     38021   38   21      19.4      2.44
  186     38022   38   22     12.79      9.95
  187     38030   38   30     14.94      2.43
  188     38053   38   53      12.7      8.51
  189     38090   38   90     14.87      5.31
  190     38092   38   92     12.06      7.43
  191     38093   38   93     14.46      7.21
  192     38096   38   96     10.97       4.3
  193     39000   39    0      15.9      2.93
  194     39059   39   59     13.27      4.16
  195     39067   39   67     19.49      1.55
  196     39079   39   79     16.15      9.36
  197     39084   39   84     15.11      6.01
  198     40017   40   17     19.08      6.33
  199     40049   40   49     12.49      3.25
  200     40067   40   67     16.19      4.02
  201     40075   40   75      11.2      8.33
  202     40082   40   82     11.43      5.02
  203     40087   40   87     17.86      2.88
  204     40096   40   96     15.07      8.73
  205     41006   41    6     14.83      2.65
  206     41039   41   39     13.44      7.08
  207     41045   41   45     13.37      7.21
  208     41065   41   65     17.28      1.16
  209     41071   41   71     18.32      3.76
  210     42014   42   14     16.12      1.94
  211     42022   42   22     19.51      1.95
  212     42053   42   53     16.76      1.67
  213     42073   42   73     13.21      9.17
  214     43053   43   53      10.7      5.58
  215     43055   43   55     12.85      4.51
  216     43059   43   59     17.94      8.85
  217     43064   43   64     15.82      5.04
  218     43065   43   65     12.42      4.83
  219     43071   43   71        18       9.1
  220     43083   43   83     18.75      6.97
  221     44062   44   62     12.16      5.42
  222     45016   45   16      11.1      6.24
  223     45053   45   53     15.44       9.8
  224     46036   46   36     13.66      2.49
  225     46049   46   49     18.66      7.11
  226     46070   46   70     17.65      3.14
  227     46076   46   76     12.79      5.61
  228     47026   47   26     16.71      1.66
  229     47058   47   58     13.43      7.11
  230     47071   47   71     12.59      4.21
  231     47089   47   89     16.08      4.84
  232     48001   48    1     14.04      6.86
  233     48021   48   21     14.16      3.07
  234     48039   48   39     17.12      8.39
  235     48064   48   64     15.61      9.86
  236     48094   48   94     10.22      1.64
  237     48095   48   95     12.41      9.21
  238     49016   49   16     12.74      2.52
  239     49022   49   22     18.71      3.22
  240     49040   49   40     15.95      2.72
  241     49060   49   60     11.22      9.52
  242     50051   50   51     18.69      4.78
  243     50095   50   95     14.56      1.21
  244     51028   51   28     18.66      4.54
  245     51032   51   32      14.3       9.9
  246     51037   51   37      15.5         9
  247     51050   51   50     14.05      7.51
  248     51061   51   61     13.54      7.86
  249     51062   51   62     18.47      9.71
  250     51074   51   74     13.57      9.79
  251     51084   51   84     18.19      1.29
  252     51085   51   85     11.24      4.52
  253     51089   51   89     12.21         5
  254     51095   51   95     12.84      7.62
  255     52012   52   12     15.46      9.45
  256     52019   52   19     14.75      3.85
  257     52072   52   72      14.5      9.74
  258     52080   52   80     10.11      5.14
  259     52093   52   93     15.03      4.82
  260     53053   53   53     18.94      3.12
  261     53061   53   61     16.99      2.19
  262     54003   54    3     17.34      3.45
  263     54012   54   12     19.45      4.28
  264     54050   54   50     11.58      1.79
  265     54057   54   57     15.04      4.23
  266     54060   54   60     14.91      1.63
  267     54066   54   66     17.14      5.04
  268     55024   55   24     18.02      5.57
  269     55072   55   72     12.71      2.61
  270     56000   56    0     10.55      3.24
  271     56058   56   58     10.09      8.62
  272     56094   56   94     18.46      8.91
  273     57024   57   24     11.88      7.92
  274     57036   57   36     18.95       6.4
  275     57053   57   53     10.45      5.99
  276     57071   57   71     11.03       5.2
  277     57089   57   89     18.67      5.02
  278     57092   57   92      14.5      5.84
  279     57096   57   96     14.15      9.57
  280     58026   58   26     10.71      3.18
  281     58032   58   32     12.91      7.26
  282     58039   58   39      12.4      9.45
  283     58057   58   57     12.23      4.55
  284     58066   58   66     16.73       3.1
  285     59036   59   36     16.84      1.76
  286     59049   59   49     14.04      4.37
  287     59062   59   62     15.57      8.46
  288     59063   59   63     12.36      2.64
  289     60001   60    1     12.27      6.14
  290     60020   60   20     10.77      9.64
  291     60028   60   28     10.04      4.14
  292     60042   60   42     13.16      7.64
  293     60081   60   81     14.57      1.47
  294     60094   60   94     18.87      7.86
  295     60096   60   96     16.17      3.97
  296     61008   61    8     15.46      1.03
  297     61018   61   18     15.08      4.54
  298     61026   61   26     16.18      3.22
  299     61035   61   35     19.57      7.38
  300     61038   61   38     12.79      3.61
  301     61040   61   40     13.41      4.19
  302     61056   61   56     19.35      9.91
  303     61063   61   63     13.34      5.68
  304     61096   61   96     11.73      9.16
  305     62024   62   24     15.04      1.62
  306     62075   62   75     13.41      3.84
  307     63040   63   40     16.13      1.77
  308     63068   63   68     19.37      7.22
  309     63074   63   74     11.41      9.47
  310     63084   63   84     17.16      2.12
  311     64000   64    0     13.76       3.5
  312     64008   64    8     18.17      2.52
  313     64020   64   20     15.83       5.3
  314     64063   64   63     17.82      9.57
  315     64076   64   76     15.06       4.7
  316     64081   64   81     16.32       5.6
  317     64082   64   82     15.55       9.2
  318     64098   64   98        12       8.8
  319     65032   65   32     16.58      9.92
  320     66077   66   77     12.33       5.6
  321     67009   67    9     11.71       3.2
  322     67016   67   16     11.89      6.63
  323     67023   67   23     10.41      8.85
  324     67036   67   36     14.22      8.58
  325     68002   68    2     19.31       2.8
  326     68046   68   46     16.14      7.74
  327     68066   68   66     10.49      1.62
  328     68067   68   67     18.39      9.92
  329     68075   68   75      14.4      8.62
  330     68081   68   81     18.75      9.99
  331     68082   68   82     13.28      7.36
  332     69009   69    9      18.4      8.12
  333     69040   69   40     19.32      4.16
  334     69045   69   45     11.86      6.01
  335     69052   69   52     12.08      7.03
  336     69056   69   56     15.22       3.4
  337     69059   69   59     13.97      4.58
  338     69067   69   67     10.18      2.67
  339     69078   69   78     13.77      1.37
  340     69083   69   83     18.49      6.54
  341     69090   69   90     19.75      1.49
  342     70010   70   10     16.19      4.61
  343     70031   70   31      15.4      8.74
  344     70054   70   54     14.88      7.73
  345     70055   70   55     16.31      7.84
  346     71019   71   19     16.78      9.78
  347     71024   71   24     10.62         1
  348     71029   71   29     14.42      9.04
  349     71081   71   81     15.78      4.76
  350     71094   71   94     13.85       2.3
  351     71097   71   97     17.83      4.46
  352     72054   72   54      14.2      4.35
  353     72056   72   56     17.68      7.74
  354     73003   73    3     18.21      6.63
  355     73014   73   14     11.88      2.11
  356     73043   73   43     18.19      4.33
  357     73073   73   73     12.71      5.71
  358     73084   73   84     11.19       8.4
  359     73085   73   85     10.51      2.85
  360     73095   73   95     16.86      8.27
  361     73098   73   98      11.7      5.04
  362     74016   74   16     13.45       1.8
  363     74034   74   34      14.4      3.56
  364     74071   74   71     10.67      8.03
  365     75024   75   24     14.36      8.71
  366     75035   75   35     17.33       2.7
  367     75041   75   41     19.18      3.62
  368     76013   76   13      10.6      1.54
  369     76028   76   28     13.79      6.82
  370     76035   76   35     17.58      5.45
  371     76054   76   54     16.47      9.59
  372     76084   76   84     12.97      5.29
  373     77007   77    7     10.76       4.1
  374     77014   77   14     10.92      6.18
  375     77036   77   36     17.05      2.12
  376     77051   77   51     11.84      2.57
  377     77058   77   58     12.41      1.13
  378     77081   77   81      10.8      2.02
  379     77085   77   85     12.28      1.31
  380     78003   78    3     17.02      1.77
  381     78004   78    4     12.67      4.66
  382     78012   78   12     10.24      6.15
  383     78058   78   58     16.61      1.13
  384     78073   78   73     15.09      8.35
  385     79008   79    8     16.44      8.68
  386     79012   79   12     18.63      3.91
  387     79014   79   14     18.61      1.16
  388     79026   79   26     12.61      5.39
  389     79032   79   32     13.18      7.49
  390     79047   79   47     14.23      6.25
  391     79060   79   60      17.7      5.13
  392     79066   79   66     19.64      7.01
  393     79070   79   70     18.97      2.37
  394     79077   79   77     15.22      9.76
  395     80056   80   56     18.17      5.86
  396     80079   80   79     10.83      8.07
  397     80098   80   98     10.66      9.14
  398     81018   81   18     10.97      7.43
  399     81019   81   19     16.39      4.91
  400     81048   81   48     14.64      1.56
  401     81053   81   53     18.65       9.9
  402     81075   81   75     18.29      1.46
  403     81091   81   91     17.47      7.25
  404     82026   82   26     16.47       9.5
  405     82031   82   31     19.98      8.02
  406     82041   82   41     13.01      8.87
  407     82043   82   43     10.12      4.75
  408     82067   82   67     17.86      5.14
  409     82081   82   81     15.78      6.93
  410     83013   83   13     17.23      9.81
  411     83027   83   27     10.24      4.11
  412     83030   83   30     19.05       8.3
  413     83034   83   34     19.03      6.93
  414     83055   83   55     12.64      9.22
  415     83061   83   61     18.25      7.82
  416     84001   84    1     18.85      7.08
  417     84050   84   50     12.28      1.51
  418     84086   84   86     14.74      4.75
  419     84095   84   95     13.19      6.61
  420     85002   85    2     16.05      5.04
  421     85040   85   40     16.75      8.58
  422     85095   85   95     11.54      9.63
  423     86020   86   20     18.75      1.51
  424     86025   86   25     16.45      8.83
  425     86026   86   26     12.25      9.56
  426     86032   86   32      17.7      6.56
  427     86055   86   55     14.77      1.66
  428     86059   86   59     11.28      5.61
  429     86084   86   84     11.94      5.72
  430     86091   86   91     17.95      9.15
  431     87025   87   25     10.61       9.8
  432     87028   87   28     17.37      5.39
  433     87031   87   31     15.51      8.68
  434     87046   87   46     11.96      5.85
  435     87062   87   62     17.13      9.53
  436     87086   87   86     11.32      8.74
  437     88078   88   78     13.77      9.68
  438     88085   88   85     12.32      6.56
  439     89004   89    4     13.89      8.94
  440     89005   89    5     11.16      3.79
  441     89029   89   29     10.62      1.36
  442     89066   89   66     10.61       3.5
  443     89084   89   84     17.37      2.56
  444     90012   90   12     12.88      7.26
  445     90035   90   35     15.86      6.83
  446     90037   90   37      15.8      9.19
  447     90043   90   43     16.63      4.01
  448     90058   90   58     10.87      9.83
  449     91018   91   18     13.21      1.15
  450     91024   91   24     16.53      7.53
  451     91032   91   32      12.3      9.46
  452     91051   91   51     15.75      4.83
  453     91052   91   52     11.61      7.04
  454     91061   91   61     17.34      1.64
  455     91079   91   79     13.25      5.64
  456     91097   91   97      13.4      6.94
  457     92026   92   26     15.96      3.73
  458     92044   92   44     18.07      8.41
  459     92076   92   76     11.03      4.25
  460     92088   92   88     11.39      8.41
  461     93017   93   17     17.99      1.94
  462     93020   93   20     15.26      9.25
  463     93047   93   47     11.13      7.37
  464     93068   93   68     15.04      3.37
  465     94000   94    0     18.08      5.33
  466     94016   94   16     14.08      7.72
  467     94044   94   44     19.87      8.95
  468     94052   94   52      15.9      2.82
  469     94081   94   81     12.58      4.57
  470     95010   95   10     13.34      6.27
  471     95015   95   15     12.27      7.51
  472     95037   95   37     12.51       1.7
  473     95065   95   65     10.67      7.02
  474     95083   95   83      13.4      8.33
  475     96006   96    6     15.25      1.69
  476     96009   96    9     14.58      9.41
  477     96031   96   31     13.86       1.4
  478     96034   96   34     18.47      1.86
  479     96053   96   53     18.28      7.22
  480     96066   96   66     19.08      9.34
  481     96078   96   78     13.04      1.06
  482     96091   96   91     17.81       9.7
  483     97006   97    6      13.9      3.89
  484     97052   97   52     13.36      2.84
  485     97062   97   62     14.94      7.95
  486     97072   97   72     16.53      5.63
  487     97073   97   73     13.25      1.62
  488     97091   97   91     18.59      8.96
  489     98015   98   15     10.96      6.04
  490     98085   98   85      15.9      6.41
  491     99058   99   58      10.2       6.1
  492     99060   99   60     19.93       1.1
  493     99065   99   65     11.79       2.8
  494     99085   99   85     12.33      8.71


   0   7  13  19  30  36  37  70  88
   1   0  77  83
   2  52  75
   3   0  22  44
   4  12  30  41  58  75  85  88
   5  15  31  36
   6  63
   7  23  24  60  67
   8   0  58  92
   9  39  43  61  75  83  85  97
  10   1   5  12  26  28  57  61  72  74  97
  11  20  30  34  37  51  55
  12   6  28  67  76
  13  32  87  90
  14  19  28  56  60  62  74  84  95
  15   0  29  33  38  64  71  73  96
  16   5  44  90  93
  17  14  17  19  30  74  94
  18   1  56  97
  19   8   9  29  32  51  67  69  74  92
  20  30  39  42  47  51  65  96
  21  20  37  44  49
  22   2  11  56  63  66  94  96
  23  26  32  36  79
  24  18  53  54  76  77
  25   9  43
  26  34  52  60  63  79  95
  27  17  61  65  93  98
  28  72  85  92
  29   8  22  33
  31  59  73  75  82  93
  32  10  12  51
  33  29  34  35  53  58  71  85
  34   0  30  40  45  46  60  64  73  81
  35  10  15  49  56  62  70
  36  13  50  98
  37   4  48  84
  38   5  21  22  30  53  90  92  93  96
  39   0  59  67  79  84
  40  17  49  67  75  82  87  96
  41   6  39  45  65  71
  42  14  22  53  73
  43  53  55  59  64  65  71  83
  44  62
  45  16  53
  46  36  49  70  76
  47  26  58  71  89
  48   1  21  39  64  94  95
  49  16  22  40  60
  50  51  95
  51  28  32  37  50  61  62  74  84  85  89  95
  52  12  19  72  80  93
  53  53  61
  54   3  12  50  57  60  66
  55  24  72
  56   0  58  94
  57  24  36  53  71  89  92  96
  58  26  32  39  57  66
  59  36  49  62  63
  60   1  20  28  42  81  94  96
  61   8  18  26  35  38  40  56  63  96
  62  24  75
  63  40  68  74  84
  64   0   8  20  63  76  81  82  98
  65  32
  66  77
  67   9  16  23  36
  68   2  46  66  67  75  81  82
  69   9  40  45  52  56  59  67  78  83  90
  70  10  31  54  55
  71  19  24  29  81  94  97
  72  54  56
  73   3  14  43  73  84  85  95  98
  74  16  34  71
  75  24  35  41
  76  13  28  35  54  84
  77   7  14  36  51  58  81  85
  78   3   4  12  58  73
  79   8  12  14  26  32  47  60  66  70  77
  80  56  79  98
  81  18  19  48  53  75  91
  82  26  31  41  43  67  81
  83  13  27  30  34  55  61
  84   1  50  86  95
  85   2  40  95
  86  20  25  26  32  55  59  84  91
  87  25  28  31  46  62  86
  88  78  85
  89   4   5  29  66  84
  90  12  35  37  43  58
  91  18  24  32  51  52  61  79  97
  92  26  44  76  88
  93  17  20  47  68
  94   0  16  44  52  81
  95  10  15  37  65  83
  96   6   9  31  34  53  66  78  91
  97   6  52  62  72  73  91
  98  15  85
  99  58  60  65  85
