Nodes:  100
Narcs:  495
Snode:  40
Enode:  5
    0        12    0   12     15.74      5.08
    1        36    0   36      18.6       3.7
    2        49    0   49     19.63      4.17
    3        56    0   56      18.7      8.79
    4      1039    1   39      19.9      4.82
    5      1047    1   47     11.49      6.16
    6      1056    1   56     10.12      8.17
    7      1060    1   60     12.24      9.16
    8      1072    1   72     15.37      6.61
    9      1088    1   88     15.97       2.1
   10      1090    1   90     10.87      9.54
   11      2005    2    5     13.38      1.77
   12      2065    2   65     17.66      9.31
   13      2083    2   83      12.4      4.86
   14      2092    2   92     12.88      6.66
   15      3019    3   19     17.78      7.93
   16      3020    3   20     13.22      5.88
   17      3026    3   26     17.98      9.58
   18      3098    3   98     19.48      5.65
   19      4015    4   15     17.59      8.09
   20      4018    4   18     19.08      3.72
   21      4033    4   33     17.72      1.31
   22      4060    4   60     13.23      6.63
   23      4063    4   63     13.18      7.77
   24      4068    4   68     16.88      5.86
   25      4085    4   85      15.7      9.68
   26      4087    4   87     11.83      4.75
   27      4096    4   96     15.09       9.9
   28      5034    5   34      16.9      2.75
   29      5051    5   51     19.54      9.63
   30      5058    5   58     16.28      2.15
   31      5063    5   63     14.87      2.66
   32      6005    6    5     19.72      5.36
   33      6019    6   19     15.76      1.58
   34      6052    6   52     18.21      8.31
   35      7020    7   20     11.98      7.22
   36      7022    7   22     15.15      8.69
   37      7026    7   26     13.63      3.68
   38      7062    7   62     16.25       9.5
   39      7068    7   68      11.2      5.15
   40      7075    7   75     19.07      8.39
   41      7084    7   84     18.92      7.39
   42      8002    8    2     15.48      5.37
   43      8013    8   13     19.65      2.73
   44      8037    8   37     13.89      6.83
   45      8055    8   55     10.58      1.09
   46      8058    8   58     13.08      3.03
   47      8074    8   74     19.75      7.34
   48      8085    8   85     14.03       3.4
   49      9005    9    5     19.83      5.52
   50      9037    9   37     10.83      6.51
   51      9039    9   39     18.52      7.85
   52      9045    9   45      13.3      9.92
   53      9063    9   63     15.13       4.3
   54      9082    9   82     17.39      3.44
   55      9089    9   89     10.62      5.63
   56      9090    9   90     12.96      6.13
   57      9096    9   96     18.63      3.25
   58     11009   11    9     10.02      3.48
   59     11033   11   33     14.75      6.29
   60     12011   12   11     14.52      6.41
   61     12029   12   29     11.38      7.47
   62     12042   12   42     11.52      8.79
   63     12069   12   69     15.39       3.4
   64     13042   13   42     19.85      7.15
   65     13067   13   67     14.13      9.38
   66     13084   13   84     12.28      6.95
   67     14001   14    1      11.1      9.79
   68     14007   14    7     12.21      6.47
   69     14014   14   14      12.2      5.89
   70     14033   14   33     17.01      8.73
   71     14069   14   69        16      3.09
   72     14078   14   78     18.22      4.85
   73     15044   15   44     12.18      8.31
   74     15066   15   66     17.17      7.47
   75     15076   15   76     15.19      5.03
   76     16015   16   15     18.03      3.58
   77     16070   16   70     14.56      4.46
   78     16073   16   73      15.7       1.5
   79     17025   17   25     10.72      7.99
   80     17050   17   50     11.13      9.11
   81     17075   17   75     16.55      8.51
   82     18017   18   17     15.72      9.93
   83     18018   18   18     14.79       2.2
   84     18030   18   30     13.73      7.12
   85     18075   18   75     19.68      2.58
   86     18093   18   93     13.14       1.8
   87     19002   19    2     16.14      3.75
   88     19010   19   10     11.58      6.49
   89     19069   19   69     16.73      3.32
   90     19070   19   70      18.2       1.2
   91     19071   19   71     17.46       8.3
   92     19080   19   80     17.78      9.61
   93     19094   19   94     14.63      2.46
   94     20062   20   62     17.36      2.45
   95     20076   20   76     12.63      3.64
   96     20090   20   90     17.49      3.61
   97     20097   20   97     16.31      7.16
   98     21007   21    7     16.06      6.22
   99     21008   21    8     19.53      4.22
  100     21011   21   11     10.82      1.38
  101     21027   21   27     16.23      1.58
  102     21051   21   51      16.5      4.07
  103     21060   21   60     19.49      1.31
  104     21093   21   93     10.92       5.5
  105     22020   22   20     10.92      5.47
  106     22030   22   30     19.31      6.28
  107     22037   22   37      18.1      2.97
  108     22099   22   99     14.08      8.31
  109     23003   23    3     18.99      1.47
  110     23026   23   26     11.37      4.79
  111     23046   23   46      18.7      7.43
  112     23055   23   55     10.19      5.96
  113     23065   23   65     17.72      3.07
  114     23098   23   98     10.93      5.09
  115     24010   24   10     13.13      2.75
  116     24045   24   45     11.18       2.4
  117     24066   24   66     13.45      8.82
  118     24070   24   70     11.44      7.85
  119     25038   25   38     18.76      8.95
  120     26029   26   29      11.6      6.79
  121     26050   26   50     12.68       4.3
  122     26059   26   59     15.39      4.22
  123     26072   26   72     16.66      7.29
  124     27001   27    1     18.63      7.02
  125     27041   27   41     16.46      2.59
  126     27043   27   43     11.39      4.16
  127     27052   27   52      10.3       2.3
  128     27061   27   61     16.15      5.27
  129     27063   27   63     17.02      6.95
  130     27069   27   69     17.82      5.46
  131     27084   27   84     12.25      2.37
  132     28026   28   26     14.13       9.6
  133     28027   28   27     10.94      1.05
  134     28091   28   91     19.33      5.94
  135     28094   28   94      15.8      8.81
  136     29007   29    7     12.72      5.18
  137     29012   29   12     18.03       1.9
  138     29013   29   13     16.15      2.35
  139     29032   29   32     19.39      7.92
  140     29040   29   40     19.03      4.85
  141     29045   29   45     19.12      8.33
  142     29083   29   83     18.88      6.02
  143     30007   30    7     15.98      5.36
  144     30044   30   44     19.64      7.56
  145     30067   30   67     13.69      2.38
  146     30081   30   81      16.3      2.65
  147     31000   31    0     18.45      2.24
  148     31003   31    3     12.48      8.75
  149     31023   31   23     11.76      6.05
  150     31025   31   25        14      7.68
  151     31059   31   59     12.83       9.1
  152     31063   31   63     15.67      6.18
  153     31065   31   65     16.84      6.77
  154     31071   31   71     16.64      2.21
  155     31096   31   96     12.92      9.82
  156     32074   32   74     13.62      7.57
  157     33001   33    1     15.54      8.97
  158     33019   33   19     13.05      2.28
  159     33075   33   75     13.84      2.63
  160     33097   33   97      15.1      7.36
  161     34006   34    6     11.91      5.29
  162     34048   34   48     15.44      6.26
  163     34067   34   67     14.43      9.35
  164     34092   34   92     18.98      9.14
  165     35030   35   30      14.3      5.58
  166     35088   35   88     13.68      1.07
  167     36005   36    5     19.94      5.46
  168     36030   36   30     19.99      9.54
  169     36048   36   48     15.94      5.07
  170     36057   36   57      17.8      7.26
  171     36062   36   62     10.01       4.6
  172     36092   36   92      11.8       1.9
  173     37015   37   15     12.77      2.23
  174     37057   37   57     15.55      8.77
  175     37066   37   66     15.01      4.22
  176     37082   37   82     18.42      7.52
  177     38011   38   11     14.01      6.28
  178     38027   38   27     17.07      2.79
  179     38034   38   34     18.66       3.6
  180     38082   38   82     14.58      3.38
  181     38088   38   88     13.46      1.91
  182     39013   39   13     12.56      3.14
  183     39039   39   39     10.52      8.15
  184     39040   39   40     13.26      3.48
  185     39046   39   46     19.92      6.36
  186     40006   40    6     14.95      8.47
  187     40023   40   23     16.84       2.9
  188     40038   40   38     12.52       9.1
  189     40062   40   62     14.63      6.93
  190     41009   41    9     14.93      9.96
  191     41021   41   21     13.32      5.39
  192     41052   41   52     12.74      1.13
  193     42006   42    6     10.12      7.57
  194     42015   42   15     16.27      2.72
  195     42016   42   16      12.6      2.49
  196     42041   42   41     13.77      7.01
  197     42075   42   75     18.72      9.71
  198     42081   42   81     17.49      6.51
  199     42086   42   86     11.66      1.99
  200     42088   42   88     15.77       3.9
  201     43018   43   18     15.41      8.63
  202     43047   43   47     12.08      8.38
  203     43065   43   65     10.06      8.45
  204     43066   43   66     17.53      5.42
  205     43068   43   68     14.74      6.12
  206     43072   43   72     18.68      8.41
  207     44008   44    8     17.71      4.55
  208     44016   44   16      12.8      6.24
  209     44017   44   17     18.58      3.01
  210     44028   44   28     11.51      5.63
  211     44052   44   52     14.74       4.8
  212     44068   44   68     12.74       2.2
  213     44072   44   72     13.96       2.2
  214     44081   44   81     18.31       7.8
  215     44086   44   86     17.92      5.96
  216     45002   45    2     19.08      7.81
  217     45023   45   23     18.23      6.92
  218     45048   45   48     10.31      4.08
  219     45049   45   49     11.58      5.98
  220     45057   45   57     14.96      2.18
  221     45097   45   97     13.79      6.81
  222     46053   46   53     18.88       5.2
  223     46055   46   55     14.12      3.58
  224     46059   46   59     17.29      4.61
  225     46062   46   62     10.43      7.87
  226     46088   46   88     13.27      4.42
  227     47027   47   27     15.27      2.38
  228     47028   47   28      19.8       8.4
  229     47037   47   37     16.57      7.69
  230     47043   47   43     19.99      8.05
  231     47095   47   95     18.47      8.71
  232     47098   47   98     15.85      5.02
  233     48037   48   37     17.65      2.96
  234     48045   48   45     13.57      8.38
  235     48053   48   53     11.15      7.59
  236     48067   48   67      11.6      5.36
  237     48074   48   74     12.31      1.01
  238     48080   48   80     13.99      2.95
  239     48097   48   97     11.04      4.18
  240     49011   49   11     19.43      2.74
  241     49030   49   30     11.37      1.26
  242     49033   49   33     15.86      4.07
  243     49054   49   54     10.84      5.92
  244     49067   49   67     14.42      3.71
  245     49076   49   76     10.49      3.55
  246     49099   49   99     17.07      2.35
  247     50042   50   42     13.86      3.02
  248     50085   50   85     11.72      9.95
  249     51010   51   10     11.11      5.59
  250     51045   51   45     10.29       3.8
  251     51083   51   83     16.37      2.29
  252     51090   51   90     15.15      4.64
  253     52016   52   16     16.25      1.66
  254     52032   52   32      17.8      2.68
  255     52054   52   54     12.39       2.9
  256     52089   52   89     15.19      9.52
  257     52094   52   94      14.4      8.24
  258     53011   53   11     13.46      3.15
  259     53015   53   15     10.95      2.57
  260     53028   53   28     13.45      3.52
  261     53073   53   73     11.32      1.93
  262     53096   53   96     11.18      4.88
  263     54028   54   28     15.39      8.48
  264     54031   54   31     13.66      8.51
  265     54035   54   35     14.07       8.2
  266     55021   55   21     12.84      1.99
  267     55026   55   26      16.4      1.24
  268     55075   55   75     18.23      5.01
  269     55082   55   82     12.68      5.05
  270     56032   56   32     10.08      6.37
  271     56036   56   36     12.73      3.85
  272     56059   56   59     15.18      2.87
  273     56060   56   60     11.82       4.3
  274     56068   56   68     14.34      3.07
  275     56072   56   72     10.23      5.74
  276     56075   56   75      17.7      2.05
  277     56098   56   98     17.74      6.47
  278     57000   57    0     10.61      8.07
  279     57056   57   56     18.72      7.58
  280     57078   57   78     12.31      9.45
  281     57090   57   90     19.24      5.97
  282     57093   57   93     16.51      8.32
  283     58003   58    3     10.36      2.02
  284     58016   58   16     15.22      3.08
  285     58027   58   27     16.35      2.98
  286     58054   58   54     12.76      6.57
  287     58059   58   59     13.03      8.04
  288     58078   58   78     16.08      1.15
  289     59010   59   10     12.47      8.53
  290     59020   59   20     15.71      8.23
  291     59038   59   38     16.44      9.04
  292     59057   59   57     10.19      4.25
  293     60051   60   51     15.02      5.74
  294     60053   60   53     14.92      2.27
  295     60078   60   78     13.99      9.97
  296     61007   61    7     15.62      4.59
  297     61057   61   57     13.11      3.03
  298     61061   61   61     16.32      4.68
  299     61066   61   66     16.86      2.16
  300     61072   61   72     11.98      7.29
  301     61078   61   78      18.9      3.36
  302     61085   61   85     19.35      8.85
  303     61089   61   89     16.48      8.12
  304     62042   62   42     10.06      9.83
  305     62066   62   66     17.68      1.92
  306     63000   63    0     18.51      5.35
  307     63035   63   35     19.36      3.14
  308     63041   63   41     12.43      1.87
  309     63081   63   81     19.03      6.07
  310     63083   63   83     11.86      9.43
  311     63096   63   96     18.68      5.56
  312     64002   64    2     11.85      2.88
  313     64051   64   51     15.94      5.37
  314     64091   64   91     14.31      1.53
  315     64093   64   93     17.88      8.84
  316     65005   65    5     15.78       6.9
  317     65012   65   12     14.29      3.23
  318     65044   65   44     17.43      8.38
  319     65058   65   58     11.09      6.53
  320     65061   65   61     17.72      1.22
  321     65077   65   77     11.15      7.65
  322     66000   66    0     14.06      2.94
  323     66006   66    6     15.33      1.21
  324     66043   66   43     18.53      9.01
  325     66062   66   62     14.73      7.47
  326     66066   66   66     17.15      8.74
  327     67052   67   52     19.91      7.29
  328     67057   67   57     10.03      8.79
  329     67068   67   68     19.86      3.69
  330     68000   68    0     19.26      8.03
  331     68064   68   64     11.27      7.42
  332     68091   68   91      18.7      2.56
  333     68092   68   92     17.93      5.81
  334     69001   69    1     10.74      9.59
  335     69025   69   25     16.86       7.3
  336     69037   69   37     12.69      9.58
  337     69051   69   51     10.01      7.86
  338     69058   69   58     14.75      6.02
  339     70001   70    1     10.37      7.46
  340     70006   70    6     16.96       7.2
  341     70024   70   24      13.8      9.66
  342     70042   70   42     17.71      9.28
  343     70069   70   69     16.32       1.2
  344     71032   71   32     15.25       4.1
  345     71079   71   79     16.82      2.73
  346     72001   72    1     10.88      4.39
  347     72015   72   15     10.95      8.75
  348     72019   72   19     19.61      4.72
  349     72082   72   82     12.39      5.25
  350     72087   72   87     10.69      4.89
  351     72092   72   92     12.96      9.19
  352     73037   73   37     19.34       9.7
  353     73087   73   87     14.32      5.44
  354     73092   73   92     11.94      6.49
  355     74022   74   22      17.9      2.67
  356     74033   74   33     17.93      4.01
  357     74040   74   40     17.77      1.79
  358     74064   74   64     10.29      6.46
  359     74084   74   84     11.34       9.3
  360     74091   74   91     14.45      6.93
  361     75020   75   20     16.03      1.75
  362     75037   75   37     18.08       4.7
  363     75081   75   81     14.58      7.07
  364     75098   75   98     15.16      8.15
  365     76013   76   13     16.59      6.91
  366     76024   76   24     11.71      7.94
  367     76030   76   30     10.18      8.81
  368     76043   76   43     14.78       2.8
  369     76051   76   51     10.87      6.49
  370     76096   76   96     16.11      6.32
  371     77012   77   12     18.74      5.72
  372     77024   77   24     15.14      1.15
  373     77035   77   35     18.59      5.28
  374     77037   77   37     17.54      2.75
  375     78023   78   23      19.8      6.32
  376     79010   79   10     12.11      6.54
  377     79046   79   46     13.27      9.57
  378     79047   79   47     15.41       2.2
  379     79051   79   51     13.82      4.29
  380     79057   79   57     13.79       7.3
  381     79058   79   58     15.92       8.3
  382     79069   79   69     12.72      3.92
  383     79084   79   84     13.41      4.87
  384     80036   80   36     17.82      6.34
  385     80058   80   58     17.42      7.38
  386     80076   80   76     12.14      1.55
  387     80096   80   96     14.18      9.19
  388     80099   80   99     10.33      9.78
  389     81003   81    3     19.78      7.82
  390     81014   81   14     15.03      8.02
  391     81032   81   32     16.48      3.93
  392     81035   81   35     19.78      6.76
  393     81040   81   40     17.47      6.96
  394     81062   81   62     16.33       6.4
  395     81065   81   65     19.35      7.95
  396     82010   82   10     13.04      9.58
  397     82027   82   27     14.53      3.41
  398     82044   82   44     14.73      4.95
  399     82045   82   45     12.03      6.16
  400     82071   82   71      11.3      5.57
  401     82079   82   79     17.35      1.89
  402     82082   82   82      19.4      3.83
  403     82087   82   87     11.28      2.54
  404     83034   83   34      17.8      4.42
  405     83035   83   35     12.83      3.48
  406     83040   83   40     13.97      5.36
  407     83051   83   51     11.09      1.55
  408     83074   83   74     15.79      8.35
  409     83094   83   94      11.1      9.24
  410     83095   83   95     15.03      5.56
  411     84006   84    6      12.4      9.11
  412     84011   84   11     14.64      7.22
  413     84058   84   58     17.45       3.1
  414     84061   84   61     18.96      6.81
  415     84070   84   70     10.32      8.23
  416     84087   84   87     16.13      5.33
  417     85000   85    0     12.91      4.29
  418     85002   85    2     18.25      9.77
  419     85007   85    7     10.24      1.42
  420     85048   85   48     10.46      2.97
  421     85093   85   93     10.27      9.91
  422     86028   86   28     11.81      4.78
  423     86030   86   30     10.03      1.93
  424     86052   86   52     15.07      3.41
  425     86064   86   64     11.43      8.51
  426     86099   86   99     14.05      8.18
  427     87033   87   33     13.03      5.61
  428     87083   87   83      15.7      9.43
  429     87086   87   86     17.03      7.41
  430     87090   87   90     19.65      2.46
  431     87095   87   95     13.34      1.23
  432     87097   87   97     19.19      8.91
  433     88007   88    7     16.19      1.84
  434     88010   88   10     18.27      1.42
  435     88022   88   22     13.74      7.69
  436     88042   88   42     15.66      8.74
  437     88048   88   48     17.15      3.28
  438     89019   89   19     12.62      9.19
  439     89025   89   25     18.07      5.69
  440     89056   89   56     10.37      2.14
  441     89059   89   59     11.28      7.56
  442     89063   89   63     11.54      5.81
  443     90030   90   30     16.93      6.12
  444     90066   90   66     16.11      9.42
  445     90095   90   95     16.85      5.64
  446     90096   90   96     18.72      2.76
  447     91057   91   57     13.98      9.36
  448     91077   91   77     16.87      5.84
  449     91086   91   86     14.17         1
  450     92000   92    0     16.92      2.54
  451     92001   92    1     14.25      6.36
  452     92032   92   32     17.72      5.18
  453     92061   92   61     19.85      2.25
  454     92070   92   70     11.23      1.42
  455     92077   92   77     11.83      1.59
  456     92090   92   90     15.08       4.4
  457     93011   93   11     12.58      8.72
  458     93012   93   12     10.99      4.26
  459     93015   93   15     17.63      9.95
  460     93017   93   17     12.72      3.56
  461     93020   93   20     17.29      6.19
  462     93055   93   55     13.29      6.45
  463     93056   93   56     13.59      3.89
  464     93064   93   64     15.05      4.78
  465     93077   93   77     12.88      9.94
  466     94066   94   66     13.39      6.38
  467     94087   94   87     14.47      6.85
  468     94088   94   88     10.63      8.89
  469     94093   94   93      16.3      9.71
  470     95006   95    6     18.48      3.21
  471     95011   95   11     12.69      5.68
  472     95015   95   15     14.96      7.92
  473     95017   95   17     14.88      1.01
  474     95026   95   26     18.43      7.75
  475     95085   95   85     14.77      4.88
  476     96003   96    3     18.82      3.12
  477     96017   96   17     12.08      3.03
  478     96044   96   44     16.86      4.82
  479     96050   96   50      10.6       6.7
  480     96059   96   59     19.03      8.16
  481     97005   97    5     14.17      7.69
  482     97015   97   15     16.19       7.2
  483     97028   97   28      13.1      6.69
  484     97065   97   65     17.69      9.95
  485     97089   97   89     14.99      1.93
  486     98043   98   43     10.63      7.35
  487     98069   98   69     12.48         8
  488     98077   98   77     15.72      7.31
  489     99010   99   10     10.24      5.75
  490     99019   99   19     14.15      8.31
  491     99021   99   21        18      2.61
  492     99050   99   50     17.97      1.89
  493     99090   99   90      17.9         4
  494     99093   99   93     15.26         8


   0  12  36  49  56
   1  39  47  56  60  72  88  90
   2   5  65  83  92
   3  19  20  26  98
   4  15  18  33  60  63  68  85  87  96
   5  34  51  58  63
   6   5  19  52
   7  20  22  26  62  68  75  84
   8   2  13  37  55  58  74  85
   9   5  37  39  45  63  82  89  90  96
  11   9  33
  12  11  29  42  69
  13  42  67  84
  14   1   7  14  33  69  78
  15  44  66  76
  16  15  70  73
  17  25  50  75
  18  17  18  30  75  93
  19   2  10  69  70  71  80  94
  20  62  76  90  97
  21   7   8  11  27  51  60  93
  22  20  30  37  99
  23   3  26  46  55  65  98
  24  10  45  66  70
  25  38
  26  29  50  59  72
  27   1  41  43  52  61  63  69  84
  28  26  27  91  94
  29   7  12  13  32  40  45  83
  30   7  44  67  81
  31   0   3  23  25  59  63  65  71  96
  32  74
  33   1  19  75  97
  34   6  48  67  92
  35  30  88
  36   5  30  48  57  62  92
  37  15  57  66  82
  38  11  27  34  82  88
  39  13  39  40  46
  40   6  23  38  62
  41   9  21  52
  42   6  15  16  41  75  81  86  88
  43  18  47  65  66  68  72
  44   8  16  17  28  52  68  72  81  86
  45   2  23  48  49  57  97
  46  53  55  59  62  88
  47  27  28  37  43  95  98
  48  37  45  53  67  74  80  97
  49  11  30  33  54  67  76  99
  50  42  85
  51  10  45  83  90
  52  16  32  54  89  94
  53  11  15  28  73  96
  54  28  31  35
  55  21  26  75  82
  56  32  36  59  60  68  72  75  98
  57   0  56  78  90  93
  58   3  16  27  54  59  78
  59  10  20  38  57
  60  51  53  78
  61   7  57  61  66  72  78  85  89
  62  42  66
  63   0  35  41  81  83  96
  64   2  51  91  93
  65   5  12  44  58  61  77
  66   0   6  43  62  66
  67  52  57  68
  68   0  64  91  92
  69   1  25  37  51  58
  70   1   6  24  42  69
  71  32  79
  72   1  15  19  82  87  92
  73  37  87  92
  74  22  33  40  64  84  91
  75  20  37  81  98
  76  13  24  30  43  51  96
  77  12  24  35  37
  78  23
  79  10  46  47  51  57  58  69  84
  80  36  58  76  96  99
  81   3  14  32  35  40  62  65
  82  10  27  44  45  71  79  82  87
  83  34  35  40  51  74  94  95
  84   6  11  58  61  70  87
  85   0   2   7  48  93
  86  28  30  52  64  99
  87  33  83  86  90  95  97
  88   7  10  22  42  48
  89  19  25  56  59  63
  90  30  66  95  96
  91  57  77  86
  92   0   1  32  61  70  77  90
  93  11  12  15  17  20  55  56  64  77
  94  66  87  88  93
  95   6  11  15  17  26  85
  96   3  17  44  50  59
  97   5  15  28  65  89
  98  43  69  77
  99  10  19  21  50  90  93
