Nodes:  100
Narcs:  495
Snode:  18
Enode:  29
    0        12    0   12     12.96      6.09
    1        17    0   17     11.32      3.78
    2        27    0   27     12.59      9.51
    3        57    0   57     18.04      1.46
    4        91    0   91     18.89      1.75
    5      1010    1   10     16.96      9.99
    6      1031    1   31     11.53      6.55
    7      1054    1   54     11.45      6.54
    8      2004    2    4     13.85      5.14
    9      2018    2   18     19.75      3.77
   10      2021    2   21      11.2      2.81
   11      2025    2   25     18.36       9.6
   12      2082    2   82     17.27      2.31
   13      2095    2   95     19.35      6.24
   14      3016    3   16     16.02      2.85
   15      3024    3   24     18.47       1.1
   16      3043    3   43     13.39      5.52
   17      3074    3   74     14.78         8
   18      3081    3   81     12.51      5.57
   19      3088    3   88     15.76      8.54
   20      4016    4   16     14.52      1.59
   21      4020    4   20      16.6         2
   22      4060    4   60     10.83      3.58
   23      4080    4   80     10.08      9.48
   24      4089    4   89     17.53      4.51
   25      5003    5    3     10.98       9.4
   26      5019    5   19     14.99      7.93
   27      5026    5   26     19.74      5.02
   28      5039    5   39     12.63      3.85
   29      5059    5   59     17.02      7.88
   30      5068    5   68     19.17      4.98
   31      5071    5   71     10.69      2.72
   32      5075    5   75     17.07      4.06
   33      5081    5   81     15.96       6.8
   34      6091    6   91     11.89      1.32
   35      6095    6   95     13.46      6.91
   36      7017    7   17     14.13      8.05
   37      7019    7   19     19.05       9.8
   38      7048    7   48     18.75      5.91
   39      7072    7   72     15.03      9.28
   40      7075    7   75     15.91      1.38
   41      7083    7   83      18.1       7.1
   42      8005    8    5     16.55      3.11
   43      8009    8    9     18.81      9.04
   44      8021    8   21     10.62      6.23
   45      8033    8   33     15.37      5.91
   46      8050    8   50     11.73      9.59
   47      8081    8   81     13.95      8.35
   48      9040    9   40     19.41      8.22
   49      9056    9   56     17.42      5.62
   50      9093    9   93     14.27      3.37
   51     10044   10   44     17.62      3.94
   52     10045   10   45     13.29      1.14
   53     10049   10   49     11.82      5.44
   54     10057   10   57     18.69      8.71
   55     10084   10   84     13.76      2.36
   56     10094   10   94     13.93      2.55
   57     11023   11   23     18.91      2.56
   58     11051   11   51     11.98      8.22
   59     11090   11   90     10.25      8.44
   60     12011   12   11     12.92      9.36
   61     12014   12   14     16.57      7.22
   62     12052   12   52     10.18      3.88
   63     12073   12   73     10.08       6.6
   64     12088   12   88     11.96      3.57
   65     13007   13    7     11.48      4.85
   66     13009   13    9      17.6      2.14
   67     13032   13   32     15.52      4.64
   68     14011   14   11     12.01      9.64
   69     14033   14   33     18.82      6.73
   70     14036   14   36     18.78      9.72
   71     14040   14   40      15.9      8.12
   72     14046   14   46     19.59      3.53
   73     14048   14   48     18.65       1.2
   74     14061   14   61     11.86      9.61
   75     15011   15   11      13.4      3.85
   76     15047   15   47     15.83      8.25
   77     15068   15   68     12.71      4.86
   78     15076   15   76     13.27      6.06
   79     16016   16   16     18.81      5.91
   80     16033   16   33     17.25      7.72
   81     16040   16   40     11.78      6.91
   82     16057   16   57     16.06      7.25
   83     16087   16   87     18.66       6.7
   84     16099   16   99     15.18      2.61
   85     17005   17    5     10.42       9.5
   86     17007   17    7     18.69      2.89
   87     17025   17   25     15.09      3.38
   88     17057   17   57     12.64      6.81
   89     17086   17   86     19.01      6.74
   90     18016   18   16     19.61      2.01
   91     18030   18   30     11.05      2.56
   92     18044   18   44     10.52      5.93
   93     18080   18   80     13.83      4.42
   94     18090   18   90     13.66       8.8
   95     19017   19   17      14.2      2.95
   96     19029   19   29     12.98      3.81
   97     19084   19   84     11.08       6.9
   98     19089   19   89     16.84      8.53
   99     19090   19   90     17.22      2.46
  100     19099   19   99     11.73      4.04
  101     20016   20   16     14.51      5.25
  102     20021   20   21     11.58      8.28
  103     20035   20   35      12.8      6.02
  104     20054   20   54     18.76      5.64
  105     20056   20   56     10.98      2.53
  106     20095   20   95      14.8      3.81
  107     21079   21   79     18.58      1.59
  108     21088   21   88     18.76       1.8
  109     22007   22    7     11.84      4.26
  110     22011   22   11     19.31      7.06
  111     22013   22   13     15.12      1.13
  112     22042   22   42     10.11      5.42
  113     22053   22   53     10.96       5.6
  114     22060   22   60     13.03      5.27
  115     22091   22   91      17.7      2.75
  116     23009   23    9      13.6      2.19
  117     23026   23   26     12.84      1.31
  118     23063   23   63      10.1      8.13
  119     23075   23   75     13.34      5.65
  120     23095   23   95     16.35      6.19
  121     24030   24   30     16.17      2.98
  122     24075   24   75     17.77       1.5
  123     24079   24   79     13.88      1.57
  124     24080   24   80     16.68      1.71
  125     24090   24   90     16.71      6.81
  126     25005   25    5     16.12      2.81
  127     25015   25   15     10.75      5.07
  128     25054   25   54     19.59      7.47
  129     25065   25   65     15.03      5.36
  130     25080   25   80     11.03      6.37
  131     26005   26    5     11.93      3.41
  132     26012   26   12     11.45      8.11
  133     26025   26   25     13.32      7.61
  134     26070   26   70     11.01      4.07
  135     26086   26   86     16.29      5.99
  136     26093   26   93     18.91      7.39
  137     27002   27    2     13.85      6.51
  138     27009   27    9     15.51      3.98
  139     27043   27   43      12.4      8.74
  140     27048   27   48     14.05      9.76
  141     27071   27   71     11.25      9.78
  142     27088   27   88     12.18      8.53
  143     27092   27   92     11.23      2.12
  144     28035   28   35     10.16      5.07
  145     28046   28   46      12.8      6.41
  146     28059   28   59     10.68      8.97
  147     28071   28   71     14.99      1.86
  148     28087   28   87     18.57       3.3
  149     29002   29    2     17.61      7.68
  150     29022   29   22     12.15      2.36
  151     29041   29   41     13.32      8.21
  152     29069   29   69     16.97      8.62
  153     29070   29   70     12.62      8.43
  154     29090   29   90     17.97      2.69
  155     30010   30   10     16.98      6.39
  156     30067   30   67     19.92      6.94
  157     30069   30   69     13.48      3.77
  158     31003   31    3     13.13      1.72
  159     31045   31   45     14.91      4.09
  160     31049   31   49     15.55      2.86
  161     32011   32   11     12.11      3.49
  162     32037   32   37     10.66      4.46
  163     32060   32   60     11.02      8.25
  164     32076   32   76     11.11      8.36
  165     33018   33   18     18.55      2.83
  166     33035   33   35     12.13      9.36
  167     33076   33   76     16.03      5.74
  168     34011   34   11     17.26      2.16
  169     34021   34   21      12.4      8.51
  170     34031   34   31     17.16      4.82
  171     34061   34   61     14.29      7.18
  172     34094   34   94     15.65      1.69
  173     34096   34   96     10.12      5.53
  174     35021   35   21     13.38      6.58
  175     35028   35   28     19.31      2.88
  176     35090   35   90     15.67       1.8
  177     35099   35   99     15.89      6.44
  178     36026   36   26      12.6      8.99
  179     36044   36   44     10.34      5.68
  180     36061   36   61     11.54      8.84
  181     36063   36   63     16.55       6.5
  182     36069   36   69     18.91      7.07
  183     36077   36   77     19.75      9.72
  184     37039   37   39     10.92      2.86
  185     37057   37   57     12.58      8.75
  186     37072   37   72     13.01      1.56
  187     37085   37   85     14.69      1.13
  188     38009   38    9     10.21       8.9
  189     38010   38   10      16.9       2.3
  190     38033   38   33     13.37      5.09
  191     38046   38   46     19.87      3.33
  192     38055   38   55     10.29      4.28
  193     38060   38   60     10.55      7.81
  194     38069   38   69     11.01      8.59
  195     39031   39   31     10.37      3.06
  196     39039   39   39     12.19      5.55
  197     39047   39   47     18.35      9.26
  198     39050   39   50     17.05         3
  199     39074   39   74     14.34         3
  200     39095   39   95     17.46      7.58
  201     41012   41   12     13.05      8.77
  202     41036   41   36      12.4      3.75
  203     41038   41   38     17.66      4.12
  204     41060   41   60     14.04      1.24
  205     41067   41   67      18.7      6.22
  206     41069   41   69     14.38      1.99
  207     42002   42    2     10.49      6.83
  208     42011   42   11      16.2      8.67
  209     42035   42   35     16.12      5.43
  210     42044   42   44     14.19      5.96
  211     42055   42   55     11.02       8.8
  212     42063   42   63     10.62      8.38
  213     42066   42   66     17.89      9.43
  214     42073   42   73     10.61      9.22
  215     43023   43   23     14.48      9.41
  216     43043   43   43     19.43      3.61
  217     44004   44    4     18.72      8.35
  218     44018   44   18     16.66      1.69
  219     44024   44   24     19.32      4.96
  220     44070   44   70     12.39      5.55
  221     44088   44   88     11.84      7.25
  222     44096   44   96     16.83      2.61
  223     45000   45    0     17.56      6.75
  224     45009   45    9     14.32      6.39
  225     45034   45   34     13.82      3.03
  226     45044   45   44     11.64      9.87
  227     45066   45   66      17.7      2.15
  228     45081   45   81     17.25      6.73
  229     45087   45   87     11.75      4.89
  230     46008   46    8     16.44       1.1
  231     46043   46   43     19.97      7.65
  232     46047   46   47     19.15      2.04
  233     46062   46   62     16.32      5.81
  234     46063   46   63     18.25      3.23
  235     46072   46   72     10.89      6.52
  236     46079   46   79     16.42      2.87
  237     46087   46   87     14.08      9.75
  238     47003   47    3     11.79      9.88
  239     47026   47   26      13.6      9.55
  240     47034   47   34     18.73      1.64
  241     47042   47   42      12.9      9.79
  242     47046   47   46      19.7      5.23
  243     47075   47   75     15.99      5.49
  244     47099   47   99     15.34       2.3
  245     48017   48   17     10.05      7.75
  246     48024   48   24     10.94      9.82
  247     48027   48   27     13.12      5.89
  248     48051   48   51     17.74      1.66
  249     48054   48   54     13.28       9.4
  250     48056   48   56     17.25      8.03
  251     48058   48   58     11.26      6.26
  252     48079   48   79     17.35      8.62
  253     48085   48   85     17.22      4.71
  254     49000   49    0      11.4      8.92
  255     49008   49    8      18.7      3.17
  256     49057   49   57     10.35      8.17
  257     50000   50    0     13.53      7.01
  258     50005   50    5      10.9      9.36
  259     50087   50   87     12.66      6.07
  260     51029   51   29     10.37      9.11
  261     51041   51   41     10.94      8.17
  262     51046   51   46     19.08      5.28
  263     51047   51   47     19.56      5.75
  264     51052   51   52     19.62       9.2
  265     51058   51   58     16.35      5.53
  266     51084   51   84     13.36      8.72
  267     52040   52   40     11.99      4.13
  268     53016   53   16     14.13      4.34
  269     53059   53   59     15.11      9.98
  270     53099   53   99      12.7      2.47
  271     54004   54    4     19.99      3.97
  272     54018   54   18     12.15      6.88
  273     54054   54   54     12.36      9.99
  274     54075   54   75     19.67      3.01
  275     55006   55    6     11.08      4.36
  276     56023   56   23     13.63       1.4
  277     56038   56   38     18.78      9.92
  278     56056   56   56     14.02      4.51
  279     56060   56   60     14.01      5.88
  280     56070   56   70     10.04      8.82
  281     56080   56   80      12.3      8.18
  282     57023   57   23     13.18      2.31
  283     57096   57   96     17.07      9.93
  284     58006   58    6     10.03      4.61
  285     58028   58   28      16.4      3.84
  286     58038   58   38     12.51       3.9
  287     58042   58   42     14.09      3.62
  288     58045   58   45     12.24      9.27
  289     58062   58   62     19.54      3.43
  290     58098   58   98     12.44      3.18
  291     59016   59   16     19.99       4.5
  292     59017   59   17        10      3.65
  293     59031   59   31     10.57      6.35
  294     59046   59   46     13.51      9.96
  295     60005   60    5     15.25      8.42
  296     61000   61    0     18.27       3.3
  297     61013   61   13     12.84      3.67
  298     61025   61   25     19.06      4.94
  299     61061   61   61     10.59      6.94
  300     61065   61   65     19.37      6.89
  301     61070   61   70     12.54       7.9
  302     62035   62   35     15.94      6.99
  303     62038   62   38      17.1      7.37
  304     62050   62   50     14.88         1
  305     62055   62   55     11.01      9.19
  306     62093   62   93     18.62      5.22
  307     63001   63    1     13.06      9.18
  308     63006   63    6     16.88      4.41
  309     63028   63   28     12.01      3.15
  310     63032   63   32     13.93      8.33
  311     63050   63   50     11.56      4.74
  312     63072   63   72     14.45      1.11
  313     63092   63   92     16.65         8
  314     63093   63   93     11.73      8.56
  315     64035   64   35     16.94      1.23
  316     64051   64   51     17.94      8.25
  317     64053   64   53     13.21      4.83
  318     64071   64   71     17.43      6.43
  319     64087   64   87      14.8      7.77
  320     64088   64   88     19.84      6.59
  321     64094   64   94     14.27      2.07
  322     65024   65   24     14.25      9.87
  323     65044   65   44     19.44      9.13
  324     65046   65   46     12.26      1.98
  325     65053   65   53     13.76      7.05
  326     65058   65   58     10.24      1.25
  327     66022   66   22     13.11      9.42
  328     66071   66   71     15.52      8.78
  329     66084   66   84     11.45      1.18
  330     66088   66   88     12.67      9.83
  331     66092   66   92     10.13      8.75
  332     67005   67    5      12.4      6.66
  333     67011   67   11     15.64      4.68
  334     67018   67   18     14.17       2.8
  335     67048   67   48     17.61      1.44
  336     67078   67   78     18.72      9.06
  337     68006   68    6      15.1      1.31
  338     68008   68    8     10.22      4.39
  339     68040   68   40     18.54      4.93
  340     68074   68   74     17.96      1.93
  341     69017   69   17     15.47      8.24
  342     69019   69   19     11.44      1.35
  343     69024   69   24     19.68      5.35
  344     69032   69   32     11.94      5.65
  345     69039   69   39     19.04      8.17
  346     69040   69   40     16.84      8.83
  347     69056   69   56     12.58      4.98
  348     69075   69   75     10.64       3.3
  349     69094   69   94     10.05      3.83
  350     70000   70    0     19.12       9.9
  351     70017   70   17     15.08      1.32
  352     70033   70   33     13.95      9.17
  353     71000   71    0     12.63      5.47
  354     71049   71   49     18.55      3.55
  355     71059   71   59     18.72      5.04
  356     71084   71   84     10.62      4.43
  357     71088   71   88     19.83      6.34
  358     72005   72    5     14.56      8.57
  359     72055   72   55     16.63      4.99
  360     72071   72   71     19.88      4.31
  361     73007   73    7     11.58      2.44
  362     73034   73   34     16.79      3.68
  363     73063   73   63     11.77      4.28
  364     73084   73   84     13.66      7.19
  365     74013   74   13     14.82      6.41
  366     74014   74   14      17.8      3.32
  367     74028   74   28     12.97      1.35
  368     74050   74   50     14.89      8.38
  369     75065   75   65     18.51      6.98
  370     75077   75   77     19.07      2.88
  371     75085   75   85     17.89      6.16
  372     76006   76    6     13.35      9.83
  373     76034   76   34     13.66      3.29
  374     76099   76   99     13.37      8.67
  375     77025   77   25     14.73      8.27
  376     77032   77   32     15.46      3.13
  377     77042   77   42     18.46      2.08
  378     77057   77   57     16.45      1.91
  379     77071   77   71     13.86      1.67
  380     78033   78   33     17.21      5.46
  381     78037   78   37     19.77      1.46
  382     78041   78   41     15.56      2.46
  383     78045   78   45     16.06      9.58
  384     78061   78   61     16.15      3.25
  385     78092   78   92     19.29       1.6
  386     78097   78   97     19.08      8.81
  387     79016   79   16     18.92      6.25
  388     79046   79   46     15.69      5.63
  389     79054   79   54     13.58       1.4
  390     79057   79   57     17.28      7.56
  391     79073   79   73     17.71      3.92
  392     80043   80   43     16.82      3.37
  393     80045   80   45     11.12      3.37
  394     80060   80   60     19.62      6.78
  395     80067   80   67     13.34      4.61
  396     80068   80   68     15.09      6.64
  397     80081   80   81     10.36      8.33
  398     80091   80   91     15.08      3.97
  399     81003   81    3     11.68      5.29
  400     81005   81    5     16.56      4.85
  401     81047   81   47     12.72      6.31
  402     81054   81   54      18.1      3.14
  403     81068   81   68     10.75      5.29
  404     81073   81   73     12.39      8.77
  405     81083   81   83     13.22      5.69
  406     82032   82   32     12.68      7.76
  407     82059   82   59     15.66      6.42
  408     83004   83    4     17.57      2.95
  409     83028   83   28     10.71       1.9
  410     83058   83   58     15.42      9.85
  411     84019   84   19     16.77      3.14
  412     84036   84   36     19.28      1.74
  413     84096   84   96     17.92      5.67
  414     85003   85    3     10.19      7.32
  415     85021   85   21     12.92      3.52
  416     85062   85   62     16.71      7.18
  417     85063   85   63     15.94      3.69
  418     85088   85   88     16.18      5.46
  419     86027   86   27     17.79      6.76
  420     86051   86   51     16.38      8.37
  421     86052   86   52     11.13      4.28
  422     86071   86   71     18.41      5.71
  423     86078   86   78     10.59      5.19
  424     86099   86   99     12.84      3.71
  425     87005   87    5     12.12      7.42
  426     87044   87   44     10.62         1
  427     87067   87   67     10.22      5.42
  428     87081   87   81      19.2      6.02
  429     87084   87   84     17.38      9.51
  430     87093   87   93     19.18      2.73
  431     88010   88   10     17.09      2.56
  432     88012   88   12     19.93      5.49
  433     88027   88   27     11.18      7.92
  434     88031   88   31     13.75       9.3
  435     88060   88   60     15.95      4.52
  436     88063   88   63     10.97      3.34
  437     89015   89   15      10.2      9.23
  438     89016   89   16     15.53         1
  439     89038   89   38     16.64      9.59
  440     89052   89   52     19.28      9.23
  441     89089   89   89     11.96      8.76
  442     90018   90   18     19.38      6.67
  443     90027   90   27      16.2      8.62
  444     90033   90   33     16.86      3.27
  445     90053   90   53     19.31       6.9
  446     90070   90   70     16.28      3.77
  447     90085   90   85        15      9.68
  448     91002   91    2     18.97       3.4
  449     91029   91   29     12.07      8.93
  450     91040   91   40     15.83      1.83
  451     91051   91   51     13.17      4.49
  452     92001   92    1      16.4      9.62
  453     92004   92    4     12.62      1.23
  454     92040   92   40     17.69      2.98
  455     92060   92   60      14.2      6.03
  456     92062   92   62     11.11      4.68
  457     92064   92   64     11.79      3.77
  458     92068   92   68     15.38      9.66
  459     92075   92   75     12.47      5.03
  460     92085   92   85     15.66      9.04
  461     92087   92   87     18.02      4.58
  462     93006   93    6     15.98      2.22
  463     93064   93   64     17.18      8.46
  464     93068   93   68     19.63      5.89
  465     93095   93   95     17.74      6.62
  466     94023   94   23     11.74      2.03
  467     94033   94   33     19.67      8.74
  468     94050   94   50     14.46      2.25
  469     94052   94   52     13.03      4.16
  470     94065   94   65     11.02      8.69
  471     94091   94   91      12.3       9.1
  472     95017   95   17     17.01      9.29
  473     95019   95   19     14.04      1.53
  474     95061   95   61     14.91      8.43
  475     95063   95   63     18.25       2.4
  476     95079   95   79     17.62      9.61
  477     95094   95   94      13.9      2.89
  478     95097   95   97     13.36      2.76
  479     96002   96    2     15.74      6.28
  480     96048   96   48     13.91      8.64
  481     96088   96   88     17.35      1.75
  482     97008   97    8     15.92      4.85
  483     97073   97   73     16.52      9.92
  484     98001   98    1     19.34      9.44
  485     98018   98   18     17.37      2.73
  486     98024   98   24     19.75      7.76
  487     98033   98   33     14.52      9.84
  488     98093   98   93     11.68       7.3
  489     99011   99   11     19.32      1.47
  490     99012   99   12     17.84      4.51
  491     99014   99   14     14.23      6.51
  492     99068   99   68     15.96      2.61
  493     99075   99   75     19.46         7
  494     99091   99   91      15.1      7.44


   0  12  17  27  57  91
   1  10  31  54
   2   4  18  21  25  82  95
   3  16  24  43  74  81  88
   4  16  20  60  80  89
   5   3  19  26  39  59  68  71  75  81
   6  91  95
   7  17  19  48  72  75  83
   8   5   9  21  33  50  81
   9  40  56  93
  10  44  45  49  57  84  94
  11  23  51  90
  12  11  14  52  73  88
  13   7   9  32
  14  11  33  36  40  46  48  61
  15  11  47  68  76
  16  16  33  40  57  87  99
  17   5   7  25  57  86
  18  16  30  44  80  90
  19  17  29  84  89  90  99
  20  16  21  35  54  56  95
  21  79  88
  22   7  11  13  42  53  60  91
  23   9  26  63  75  95
  24  30  75  79  80  90
  25   5  15  54  65  80
  26   5  12  25  70  86  93
  27   2   9  43  48  71  88  92
  28  35  46  59  71  87
  29   2  22  41  69  70  90
  30  10  67  69
  31   3  45  49
  32  11  37  60  76
  33  18  35  76
  34  11  21  31  61  94  96
  35  21  28  90  99
  36  26  44  61  63  69  77
  37  39  57  72  85
  38   9  10  33  46  55  60  69
  39  31  39  47  50  74  95
  41  12  36  38  60  67  69
  42   2  11  35  44  55  63  66  73
  43  23  43
  44   4  18  24  70  88  96
  45   0   9  34  44  66  81  87
  46   8  43  47  62  63  72  79  87
  47   3  26  34  42  46  75  99
  48  17  24  27  51  54  56  58  79  85
  49   0   8  57
  50   0   5  87
  51  29  41  46  47  52  58  84
  52  40
  53  16  59  99
  54   4  18  54  75
  55   6
  56  23  38  56  60  70  80
  57  23  96
  58   6  28  38  42  45  62  98
  59  16  17  31  46
  60   5
  61   0  13  25  61  65  70
  62  35  38  50  55  93
  63   1   6  28  32  50  72  92  93
  64  35  51  53  71  87  88  94
  65  24  44  46  53  58
  66  22  71  84  88  92
  67   5  11  18  48  78
  68   6   8  40  74
  69  17  19  24  32  39  40  56  75  94
  70   0  17  33
  71   0  49  59  84  88
  72   5  55  71
  73   7  34  63  84
  74  13  14  28  50
  75  65  77  85
  76   6  34  99
  77  25  32  42  57  71
  78  33  37  41  45  61  92  97
  79  16  46  54  57  73
  80  43  45  60  67  68  81  91
  81   3   5  47  54  68  73  83
  82  32  59
  83   4  28  58
  84  19  36  96
  85   3  21  62  63  88
  86  27  51  52  71  78  99
  87   5  44  67  81  84  93
  88  10  12  27  31  60  63
  89  15  16  38  52  89
  90  18  27  33  53  70  85
  91   2  29  40  51
  92   1   4  40  60  62  64  68  75  85  87
  93   6  64  68  95
  94  23  33  50  52  65  91
  95  17  19  61  63  79  94  97
  96   2  48  88
  97   8  73
  98   1  18  24  33  93
  99  11  12  14  68  75  91
