Nodes:  100
Narcs:  495
Snode:  39
Enode:  48
    0         2    0    2     11.22      4.97
    1        16    0   16     15.15      2.52
    2        40    0   40     12.03      2.12
    3        46    0   46     16.64      2.14
    4        54    0   54     16.58         5
    5        68    0   68     10.98      4.07
    6        74    0   74     19.88      1.68
    7        78    0   78     14.25      7.55
    8        85    0   85     16.74       9.5
    9        88    0   88      19.7      2.51
   10        96    0   96     13.57       5.7
   11      1025    1   25     14.78      4.41
   12      1026    1   26     17.46      2.22
   13      1077    1   77     14.66      9.62
   14      1083    1   83     10.27      6.69
   15      2009    2    9     19.08      7.23
   16      2019    2   19     14.43      6.14
   17      2021    2   21     11.97      6.03
   18      2029    2   29     19.58      6.79
   19      2036    2   36     12.24      7.59
   20      2047    2   47     14.41      3.29
   21      2069    2   69        13       4.8
   22      4024    4   24     16.99      3.44
   23      4041    4   41     11.03      9.17
   24      4048    4   48     14.45      5.49
   25      4053    4   53     13.64       8.2
   26      4065    4   65     12.26      6.41
   27      4068    4   68     13.15      3.98
   28      4070    4   70     11.35      4.46
   29      5006    5    6     18.29      2.45
   30      5050    5   50     14.53      8.61
   31      5052    5   52     19.91      3.06
   32      5086    5   86     16.99      2.34
   33      6005    6    5     13.13      3.89
   34      6021    6   21     12.71      1.95
   35      6032    6   32      18.3      7.43
   36      6040    6   40     17.17      1.26
   37      7007    7    7     19.39      5.02
   38      7039    7   39      12.2      2.32
   39      7042    7   42     18.74      4.88
   40      7055    7   55     19.83      7.32
   41      8019    8   19     10.43      3.74
   42      8036    8   36     12.07      7.32
   43      8045    8   45     11.16       2.9
   44      8053    8   53     11.86      7.96
   45      8061    8   61     16.09      7.54
   46      9038    9   38     13.28      1.32
   47      9041    9   41        16      6.44
   48      9047    9   47     18.16      6.81
   49      9062    9   62     15.27      1.68
   50      9084    9   84     10.45      3.31
   51     10067   10   67     16.85       1.6
   52     10073   10   73     12.28      2.41
   53     10077   10   77      14.1      6.11
   54     10086   10   86     10.34       7.2
   55     10096   10   96     19.52      3.29
   56     10097   10   97     19.27      5.17
   57     11031   11   31     12.65      6.99
   58     11053   11   53     17.75      8.58
   59     11066   11   66      10.3      3.86
   60     11092   11   92     12.17      6.42
   61     12009   12    9     10.62      4.97
   62     12015   12   15     10.64      2.01
   63     12027   12   27      19.7       6.3
   64     12046   12   46     15.13      5.78
   65     12084   12   84     11.22      5.24
   66     13007   13    7     19.76      7.98
   67     13024   13   24     11.75      4.96
   68     13045   13   45     19.81      4.48
   69     13054   13   54     16.09      7.95
   70     13055   13   55     13.46      2.87
   71     13067   13   67     10.12      9.33
   72     13096   13   96     10.08      1.16
   73     14023   14   23     10.05      8.33
   74     14041   14   41     11.21      7.43
   75     14045   14   45     10.08      7.49
   76     14059   14   59     13.54      3.01
   77     14076   14   76     13.58      4.88
   78     14079   14   79     15.99      8.37
   79     14084   14   84     16.71       8.7
   80     14091   14   91     16.71      7.35
   81     15050   15   50     10.88      5.24
   82     15070   15   70     11.51      2.77
   83     15076   15   76      11.4      8.66
   84     15077   15   77     13.94      1.56
   85     16041   16   41      19.1      3.77
   86     16066   16   66      17.9      1.64
   87     16097   16   97     19.94      9.48
   88     16098   16   98     17.44      5.46
   89     17004   17    4     14.82      9.47
   90     17010   17   10     10.47       1.6
   91     17060   17   60     18.94      4.26
   92     17071   17   71     10.63      6.99
   93     17073   17   73      12.2      6.03
   94     17087   17   87     12.37      2.84
   95     17092   17   92      16.7      1.98
   96     17093   17   93     18.85      5.07
   97     18001   18    1      12.2      8.51
   98     18004   18    4     16.64      9.12
   99     18051   18   51     12.06      4.76
  100     18054   18   54     17.93      5.03
  101     18062   18   62     19.37      4.94
  102     18084   18   84     16.07      5.24
  103     19014   19   14     14.98      8.55
  104     19023   19   23     19.56      8.34
  105     19045   19   45     13.65         7
  106     19082   19   82     19.84      4.83
  107     19094   19   94     15.58      6.48
  108     20001   20    1     11.03      7.36
  109     20004   20    4      19.2      1.38
  110     20009   20    9     11.75       4.7
  111     20019   20   19     17.96      4.91
  112     20030   20   30     17.17      2.11
  113     20052   20   52     19.75      8.92
  114     20074   20   74     16.73      9.22
  115     20097   20   97     17.15      9.58
  116     21017   21   17     13.48      6.46
  117     21021   21   21     18.09       9.7
  118     21025   21   25     18.75      2.94
  119     21041   21   41     18.07      8.02
  120     21048   21   48     10.57      2.28
  121     21055   21   55     11.49      8.11
  122     21086   21   86     19.77      2.48
  123     21093   21   93     18.82       3.8
  124     22018   22   18     17.05      6.32
  125     22024   22   24     19.31      1.32
  126     22028   22   28     16.33      1.83
  127     22045   22   45     13.11      4.71
  128     22081   22   81     17.33      9.21
  129     23009   23    9      17.9      9.56
  130     23029   23   29        13       3.3
  131     23053   23   53     17.38      1.23
  132     23054   23   54     11.12      3.94
  133     23069   23   69     13.51      2.21
  134     24003   24    3     10.57      9.72
  135     24009   24    9     15.32      2.26
  136     24031   24   31     10.72      1.58
  137     24037   24   37     11.29      1.39
  138     24047   24   47     11.06      5.95
  139     24081   24   81     17.16       8.5
  140     24094   24   94     11.66      6.27
  141     24098   24   98      18.6      7.14
  142     25033   25   33     18.07      1.92
  143     25044   25   44     16.92      5.96
  144     25068   25   68     18.84      5.77
  145     25072   25   72     13.73      5.48
  146     25083   25   83     13.81      9.05
  147     25084   25   84     10.23      7.17
  148     26013   26   13     11.29      3.38
  149     26039   26   39     11.03      3.63
  150     27015   27   15     10.02      4.57
  151     27080   27   80     11.06      8.24
  152     27090   27   90     15.73      3.93
  153     27092   27   92      17.1      5.43
  154     28020   28   20     14.04       7.6
  155     28044   28   44     11.52      9.37
  156     28088   28   88     18.58      1.23
  157     29022   29   22     14.34      7.47
  158     29037   29   37        11      6.02
  159     30002   30    2     12.31       9.1
  160     30011   30   11     13.52      5.33
  161     30019   30   19     11.15      2.66
  162     30045   30   45     11.27      9.55
  163     30091   30   91     14.21       6.4
  164     30092   30   92     17.42      8.82
  165     30093   30   93     16.42      3.87
  166     31005   31    5     16.96      6.62
  167     31014   31   14     10.76       6.1
  168     31031   31   31     18.26      6.62
  169     31042   31   42      19.8      2.26
  170     31053   31   53     17.04      9.05
  171     31062   31   62     13.72      6.82
  172     31066   31   66     15.18      5.69
  173     31085   31   85     14.53       8.5
  174     31087   31   87     13.52      3.26
  175     31097   31   97     14.51      8.25
  176     32012   32   12     16.74      8.57
  177     32078   32   78     16.82      7.77
  178     32097   32   97     10.48       2.8
  179     33026   33   26      18.3      5.75
  180     33031   33   31     12.41      3.18
  181     33063   33   63      15.2      4.95
  182     33069   33   69     15.06      4.54
  183     33094   33   94      12.3      9.01
  184     34071   34   71     14.62      2.45
  185     34087   34   87     13.47      4.45
  186     35042   35   42      15.5      4.63
  187     35060   35   60     15.92      8.95
  188     35069   35   69     11.06      6.92
  189     36020   36   20     19.21      6.45
  190     36068   36   68     13.31      5.86
  191     36078   36   78      10.2      6.38
  192     37000   37    0     12.92      6.78
  193     37010   37   10     17.72      9.42
  194     37018   37   18     17.74       3.6
  195     37029   37   29     11.35      1.17
  196     37032   37   32     10.56      9.19
  197     37040   37   40     13.94      2.31
  198     37047   37   47     14.84      6.91
  199     37054   37   54     17.58      9.03
  200     38007   38    7     12.43      2.65
  201     38010   38   10     18.93      1.32
  202     38046   38   46     19.35       9.7
  203     38051   38   51     17.13      2.05
  204     38054   38   54     16.18      2.93
  205     39007   39    7     13.24      9.58
  206     39026   39   26     18.58      9.78
  207     39032   39   32     14.57      5.82
  208     39046   39   46     15.62      5.78
  209     39060   39   60     14.98      5.65
  210     39071   39   71     15.05      9.95
  211     39088   39   88     16.31      6.76
  212     39091   39   91     12.26      6.62
  213     39094   39   94     12.63      2.29
  214     40016   40   16     13.04      2.14
  215     40031   40   31     17.44      8.73
  216     40040   40   40     15.89         5
  217     40054   40   54     19.14      5.29
  218     40066   40   66     16.37      7.38
  219     40067   40   67     16.95      6.47
  220     41003   41    3     19.42      7.07
  221     41039   41   39     14.21      9.81
  222     41057   41   57     18.32      3.53
  223     41064   41   64     10.19      6.94
  224     41077   41   77     19.03         4
  225     41094   41   94     19.87      3.12
  226     41097   41   97     17.75      3.04
  227     42007   42    7      19.4      2.17
  228     42016   42   16     18.25      3.97
  229     42034   42   34     15.65       4.4
  230     42040   42   40     10.24      7.73
  231     42059   42   59     15.79      3.89
  232     42060   42   60     13.92      5.45
  233     42062   42   62     11.71      4.36
  234     43017   43   17     12.76      1.91
  235     43024   43   24     14.79      6.83
  236     43070   43   70     12.89      7.67
  237     43098   43   98     18.89      8.36
  238     44001   44    1     13.37      5.95
  239     44019   44   19      19.3      7.65
  240     44021   44   21     14.64      2.78
  241     44024   44   24     12.02      3.83
  242     44054   44   54     11.95      3.31
  243     45024   45   24     14.27      4.17
  244     45035   45   35     16.96      9.64
  245     45074   45   74     17.51      7.85
  246     45093   45   93     13.19      3.84
  247     46000   46    0     11.08      6.85
  248     46029   46   29     10.54      1.57
  249     46055   46   55     19.07      6.33
  250     46066   46   66     18.33      7.91
  251     46072   46   72     12.63      2.41
  252     46086   46   86     12.55       6.7
  253     46097   46   97     15.39      3.62
  254     47015   47   15     19.62      8.53
  255     47035   47   35     12.31      7.54
  256     47041   47   41     15.03      2.91
  257     47047   47   47     11.89      6.34
  258     47091   47   91     17.68      7.33
  259     47094   47   94     13.16         8
  260     48005   48    5     11.89      3.06
  261     48011   48   11     14.95      5.08
  262     48072   48   72     14.63      9.45
  263     48098   48   98     11.76       6.1
  264     49005   49    5     18.65      4.33
  265     49013   49   13     13.45       4.5
  266     49015   49   15     17.63      2.75
  267     49040   49   40     19.18      1.67
  268     49054   49   54     15.15      9.92
  269     49090   49   90     12.01      1.63
  270     49093   49   93     11.86      2.31
  271     50010   50   10     12.82      6.43
  272     50030   50   30     16.03      9.24
  273     50050   50   50      19.9      4.51
  274     50063   50   63     12.39      6.96
  275     50067   50   67     17.44      1.74
  276     50071   50   71     15.27      1.94
  277     51075   51   75     17.79      4.82
  278     51089   51   89     18.88      8.32
  279     51095   51   95     19.56       3.9
  280     52046   52   46     18.75      8.59
  281     52053   52   53     11.17       7.6
  282     52065   52   65     18.02      4.13
  283     52069   52   69     14.95      1.07
  284     53048   53   48     10.12       1.5
  285     53060   53   60     19.67      5.47
  286     53068   53   68     17.84      6.62
  287     54006   54    6     17.84      9.69
  288     54012   54   12     17.19      7.92
  289     54019   54   19     10.85      7.17
  290     54024   54   24     11.28      7.11
  291     54036   54   36     16.23      2.46
  292     54068   54   68     10.75      8.36
  293     54094   54   94     18.95      5.77
  294     54095   54   95        17      4.93
  295     55004   55    4     10.07      9.88
  296     55006   55    6     11.33       9.6
  297     55018   55   18     18.56      5.29
  298     55058   55   58     14.17       7.1
  299     55069   55   69     13.69      7.62
  300     55090   55   90     11.11      2.57
  301     56009   56    9     12.73      5.65
  302     56019   56   19     13.42      1.24
  303     56029   56   29     17.16      9.18
  304     56035   56   35     13.27      2.18
  305     56085   56   85     16.12      3.89
  306     57000   57    0     18.31      2.34
  307     57020   57   20     13.92      7.43
  308     57025   57   25      12.4      4.68
  309     57067   57   67     14.87      1.58
  310     58006   58    6     15.12      9.16
  311     58038   58   38     10.69      9.16
  312     58042   58   42     19.75      4.03
  313     58047   58   47     14.94      9.87
  314     58048   58   48     14.41      9.13
  315     59002   59    2     12.05      7.95
  316     59005   59    5     14.25      1.37
  317     59079   59   79        19      7.96
  318     60002   60    2     18.16      8.07
  319     60011   60   11     17.23      5.89
  320     60082   60   82     19.73      2.69
  321     61024   61   24     13.13      4.18
  322     61025   61   25     16.38      6.85
  323     61030   61   30     11.26      8.26
  324     61038   61   38     10.24      9.21
  325     61053   61   53     13.19       7.5
  326     61061   61   61     11.58      6.22
  327     61069   61   69     18.27      2.18
  328     61094   61   94     13.27      3.62
  329     61095   61   95     17.73      7.85
  330     62024   62   24      19.5      6.71
  331     63018   63   18     16.23      8.05
  332     63031   63   31     19.46      9.24
  333     63045   63   45      15.9      8.46
  334     63066   63   66     16.18      3.17
  335     63077   63   77      18.3      3.11
  336     64005   64    5     12.45      5.11
  337     64063   64   63     11.76      8.72
  338     64078   64   78     14.59       1.9
  339     65045   65   45     14.33      7.22
  340     65050   65   50     10.84      6.93
  341     65053   65   53     17.48       4.2
  342     65067   65   67     19.91      3.82
  343     66018   66   18     14.62      3.57
  344     66067   66   67     17.17      4.93
  345     67005   67    5     14.38      1.59
  346     67006   67    6     12.91       3.8
  347     67057   67   57     12.79      6.57
  348     67060   67   60     15.43      6.95
  349     68006   68    6     16.49         3
  350     68061   68   61     11.69      9.91
  351     68072   68   72     18.87       8.6
  352     69027   69   27     12.98       7.5
  353     69029   69   29     15.61      4.44
  354     69054   69   54     15.11      2.29
  355     70007   70    7     13.14      7.95
  356     70025   70   25     16.97       2.3
  357     70054   70   54     13.78       9.1
  358     70076   70   76     13.75      1.53
  359     70080   70   80     12.36      9.41
  360     70094   70   94     19.34      1.91
  361     71005   71    5     17.12      8.54
  362     71008   71    8     13.87      1.25
  363     71014   71   14      14.9      1.36
  364     71018   71   18      12.7      7.27
  365     71044   71   44     13.78       6.8
  366     71068   71   68     11.17      2.31
  367     71094   71   94     10.41         4
  368     72076   72   76     11.76      2.33
  369     72078   72   78     11.78      8.43
  370     72085   72   85     18.61      7.94
  371     72086   72   86     16.06      8.63
  372     72087   72   87     10.07      5.35
  373     73015   73   15     11.09      6.64
  374     73036   73   36     17.38      6.14
  375     73042   73   42     14.08      3.75
  376     74028   74   28     10.86      5.36
  377     74082   74   82     18.01      7.68
  378     75017   75   17     15.84      7.99
  379     75019   75   19     15.66      3.01
  380     75022   75   22      11.5      9.26
  381     75032   75   32     11.22      3.16
  382     75040   75   40     17.64      2.79
  383     75043   75   43     14.15      2.64
  384     75047   75   47     15.04      7.36
  385     75084   75   84     16.53      8.05
  386     76008   76    8     12.23      2.51
  387     76012   76   12     10.73      8.61
  388     76085   76   85     13.69      8.07
  389     76097   76   97     19.59      2.07
  390     77014   77   14     13.63      2.66
  391     77020   77   20     18.04      1.12
  392     77046   77   46      14.6      3.44
  393     77082   77   82     12.71      4.55
  394     77086   77   86     14.75      4.34
  395     77093   77   93     15.57      9.72
  396     78006   78    6     16.17      4.62
  397     78016   78   16     17.45      9.48
  398     78033   78   33     14.38      2.91
  399     78076   78   76     17.82      5.82
  400     79005   79    5     15.86      3.77
  401     79024   79   24      11.5      3.94
  402     79027   79   27     15.71      6.21
  403     79049   79   49     11.18      1.41
  404     79053   79   53     19.37      4.81
  405     79068   79   68     19.92      7.84
  406     79085   79   85     11.03      2.85
  407     80009   80    9     13.57      7.42
  408     80078   80   78     12.69      6.68
  409     81005   81    5     14.04      9.65
  410     81040   81   40     15.51      9.21
  411     81089   81   89     12.12      7.23
  412     82004   82    4      11.1      4.42
  413     82037   82   37      15.5      9.82
  414     82056   82   56     10.86       9.1
  415     82061   82   61     15.48       5.5
  416     83000   83    0     16.74      9.72
  417     83018   83   18     18.65      7.85
  418     83021   83   21     15.87      4.64
  419     83025   83   25     19.85       9.7
  420     84052   84   52     19.31      5.64
  421     84064   84   64     15.46      1.87
  422     84081   84   81     15.47      3.02
  423     84086   84   86     11.74      3.53
  424     85019   85   19     12.23       7.1
  425     85074   85   74      19.7      3.18
  426     85077   85   77     18.04      5.67
  427     85080   85   80     15.36      2.41
  428     86021   86   21        15      7.07
  429     86023   86   23     10.17      5.59
  430     86046   86   46     19.79      1.17
  431     86048   86   48     19.54      9.83
  432     86057   86   57     18.32      7.22
  433     86064   86   64     11.01      2.22
  434     86065   86   65     12.88      8.49
  435     86070   86   70     17.02      7.03
  436     86079   86   79     10.87       1.5
  437     87005   87    5     10.81      1.12
  438     87038   87   38     19.06      5.53
  439     87054   87   54     11.71      8.77
  440     87064   87   64     15.55      6.55
  441     87067   87   67     19.72      8.97
  442     87098   87   98     16.26      7.97
  443     88040   88   40      15.1      9.39
  444     88051   88   51     13.21      9.31
  445     88057   88   57     14.33      1.25
  446     88064   88   64     18.79      1.42
  447     88068   88   68     18.28      9.31
  448     88077   88   77     15.23      6.22
  449     88084   88   84     13.07      2.97
  450     88099   88   99     17.62       4.2
  451     89007   89    7     19.16         2
  452     89017   89   17     14.18      2.55
  453     89035   89   35     15.64      7.91
  454     89043   89   43     13.74      9.82
  455     90001   90    1     12.91      7.69
  456     90002   90    2      13.7      8.96
  457     90022   90   22     18.74      3.58
  458     90027   90   27      19.7      6.15
  459     90048   90   48     15.08      1.47
  460     91010   91   10     14.57      5.17
  461     91017   91   17     17.19      7.27
  462     91041   91   41     14.69      4.23
  463     91043   91   43     10.59      4.74
  464     91050   91   50     15.03       9.2
  465     91053   91   53     13.87      3.56
  466     91064   91   64     12.16       6.5
  467     92030   92   30     15.03      3.88
  468     92034   92   34     19.23      4.44
  469     92037   92   37     19.76      8.08
  470     92038   92   38     19.88       4.7
  471     92069   92   69     11.41      5.05
  472     92085   92   85     10.52      4.54
  473     93002   93    2     12.43      5.83
  474     93017   93   17     15.01      8.44
  475     93035   93   35      14.7      6.36
  476     93048   93   48     11.73      4.86
  477     94010   94   10     13.59      3.24
  478     94017   94   17     12.12      4.94
  479     94076   94   76     19.83      3.23
  480     95018   95   18     12.32      2.78
  481     95058   95   58     18.37      5.01
  482     95074   95   74     12.81      8.93
  483     95091   95   91     13.66      4.82
  484     95093   95   93     18.56      1.35
  485     95097   95   97     14.21      9.92
  486     96057   96   57     14.13      4.81
  487     97024   97   24     17.88      2.58
  488     97041   97   41     10.49      9.58
  489     97064   97   64     15.81      7.24
  490     97078   97   78     10.27      8.09
  491     98013   98   13     14.31      4.81
  492     98031   98   31     11.05      5.17
  493     98087   98   87     18.01      3.13
  494     99048   99   48     19.61      9.53


   0   2  16  40  46  54  68  74  78  85  88  96
   1  25  26  77  83
   2   9  19  21  29  36  47  69
   4  24  41  48  53  65  68  70
   5   6  50  52  86
   6   5  21  32  40
   7   7  39  42  55
   8  19  36  45  53  61
   9  38  41  47  62  84
  10  67  73  77  86  96  97
  11  31  53  66  92
  12   9  15  27  46  84
  13   7  24  45  54  55  67  96
  14  23  41  45  59  76  79  84  91
  15  50  70  76  77
  16  41  66  97  98
  17   4  10  60  71  73  87  92  93
  18   1   4  51  54  62  84
  19  14  23  45  82  94
  20   1   4   9  19  30  52  74  97
  21  17  21  25  41  48  55  86  93
  22  18  24  28  45  81
  23   9  29  53  54  69
  24   3   9  31  37  47  81  94  98
  25  33  44  68  72  83  84
  26  13  39
  27  15  80  90  92
  28  20  44  88
  29  22  37
  30   2  11  19  45  91  92  93
  31   5  14  31  42  53  62  66  85  87  97
  32  12  78  97
  33  26  31  63  69  94
  34  71  87
  35  42  60  69
  36  20  68  78
  37   0  10  18  29  32  40  47  54
  38   7  10  46  51  54
  39   7  26  32  46  60  71  88  91  94
  40  16  31  40  54  66  67
  41   3  39  57  64  77  94  97
  42   7  16  34  40  59  60  62
  43  17  24  70  98
  44   1  19  21  24  54
  45  24  35  74  93
  46   0  29  55  66  72  86  97
  47  15  35  41  47  91  94
  48   5  11  72  98
  49   5  13  15  40  54  90  93
  50  10  30  50  63  67  71
  51  75  89  95
  52  46  53  65  69
  53  48  60  68
  54   6  12  19  24  36  68  94  95
  55   4   6  18  58  69  90
  56   9  19  29  35  85
  57   0  20  25  67
  58   6  38  42  47  48
  59   2   5  79
  60   2  11  82
  61  24  25  30  38  53  61  69  94  95
  62  24
  63  18  31  45  66  77
  64   5  63  78
  65  45  50  53  67
  66  18  67
  67   5   6  57  60
  68   6  61  72
  69  27  29  54
  70   7  25  54  76  80  94
  71   5   8  14  18  44  68  94
  72  76  78  85  86  87
  73  15  36  42
  74  28  82
  75  17  19  22  32  40  43  47  84
  76   8  12  85  97
  77  14  20  46  82  86  93
  78   6  16  33  76
  79   5  24  27  49  53  68  85
  80   9  78
  81   5  40  89
  82   4  37  56  61
  83   0  18  21  25
  84  52  64  81  86
  85  19  74  77  80
  86  21  23  46  48  57  64  65  70  79
  87   5  38  54  64  67  98
  88  40  51  57  64  68  77  84  99
  89   7  17  35  43
  90   1   2  22  27  48
  91  10  17  41  43  50  53  64
  92  30  34  37  38  69  85
  93   2  17  35  48
  94  10  17  76
  95  18  58  74  91  93  97
  96  57
  97  24  41  64  78
  98  13  31  87
  99  48
