Nodes:  100
Narcs:  495
Snode:  63
Enode:  35
    0        90    0   90     19.71      3.87
    1      1002    1    2     17.98      3.83
    2      1032    1   32     14.53      4.74
    3      1045    1   45     12.79      5.99
    4      1052    1   52     13.06      9.02
    5      2020    2   20     17.55      5.86
    6      2025    2   25     12.53      1.68
    7      2027    2   27     13.12       1.1
    8      2075    2   75     13.09      7.68
    9      2084    2   84     11.45      8.73
   10      2087    2   87     18.19      7.96
   11      3037    3   37     17.29      3.82
   12      3047    3   47     13.14      3.45
   13      3058    3   58     18.89       4.8
   14      3076    3   76     18.08      3.98
   15      4001    4    1     14.83      7.37
   16      4019    4   19     15.47      8.76
   17      4031    4   31     16.89       5.4
   18      4034    4   34     12.06      7.38
   19      4052    4   52     18.97         5
   20      4059    4   59     14.96      9.69
   21      4068    4   68     13.75       5.8
   22      5038    5   38     14.86      4.02
   23      5048    5   48     14.41       6.8
   24      5065    5   65     12.73       4.7
   25      5076    5   76     10.56      9.16
   26      5097    5   97      12.6      5.15
   27      6008    6    8     17.22      4.25
   28      6035    6   35     11.98      2.26
   29      6068    6   68     17.77      8.48
   30      6093    6   93     17.45       6.6
   31      7017    7   17     15.85      8.79
   32      7022    7   22     17.41      6.75
   33      7042    7   42     12.81      4.68
   34      7044    7   44     17.56      6.94
   35      7059    7   59     16.14      2.05
   36      7088    7   88     10.08      2.73
   37      7098    7   98     14.17      3.07
   38      8034    8   34     13.17      7.62
   39      8039    8   39     17.39      2.38
   40      8061    8   61      14.5      9.16
   41      8067    8   67     17.68      3.91
   42      8077    8   77     11.24      7.74
   43      8080    8   80     18.87      1.36
   44      8093    8   93     14.98      6.65
   45      8095    8   95     17.06      5.13
   46      9041    9   41     17.82      9.55
   47      9042    9   42     17.13      5.87
   48      9053    9   53     12.06      7.01
   49      9067    9   67      13.1      7.97
   50      9074    9   74     19.07      3.96
   51     11017   11   17      11.1      3.62
   52     11019   11   19     14.82       2.4
   53     11069   11   69     18.78      9.36
   54     11095   11   95     19.36      6.74
   55     12014   12   14     13.22      9.99
   56     12023   12   23     12.75      4.79
   57     13029   13   29     16.77      7.04
   58     13066   13   66     15.65      5.97
   59     14000   14    0     11.36      3.41
   60     14001   14    1      16.1      1.76
   61     14034   14   34     18.24      6.04
   62     14057   14   57     11.66       4.4
   63     14066   14   66     10.45      2.55
   64     14084   14   84     12.52       5.6
   65     14085   14   85     16.85      4.72
   66     14093   14   93     10.69      9.62
   67     15019   15   19     11.33      8.85
   68     15026   15   26     11.67      3.41
   69     15027   15   27     13.18      1.66
   70     15030   15   30     16.92      5.26
   71     15044   15   44     15.33      4.71
   72     15048   15   48     10.37      4.98
   73     15077   15   77     16.24      1.33
   74     15094   15   94     18.66      2.67
   75     16017   16   17     18.23      1.13
   76     16073   16   73        18      9.27
   77     16081   16   81     15.51      6.94
   78     16082   16   82     16.05         8
   79     18017   18   17     17.58      9.13
   80     18026   18   26     12.81      9.85
   81     18029   18   29     15.59      8.14
   82     18092   18   92     18.48       1.6
   83     19015   19   15     18.23      6.95
   84     19024   19   24     16.28      4.68
   85     20006   20    6     14.66      7.59
   86     20013   20   13     16.23      4.21
   87     20051   20   51     19.02      4.14
   88     20070   20   70     19.65      1.98
   89     21007   21    7     12.12      5.89
   90     21022   21   22     11.39      2.14
   91     21024   21   24     10.19      3.75
   92     21031   21   31     19.29       9.1
   93     21036   21   36     18.97      7.82
   94     21041   21   41     17.92      8.58
   95     21073   21   73      13.3      1.19
   96     21083   21   83     19.18      4.08
   97     21093   21   93     18.63      7.89
   98     22017   22   17     10.78      6.27
   99     22048   22   48     17.87       5.9
  100     22062   22   62     13.87      1.16
  101     22094   22   94     11.11      4.27
  102     22095   22   95     19.34      3.42
  103     23016   23   16     18.76      5.33
  104     23026   23   26     15.29      6.42
  105     23031   23   31      16.7      3.94
  106     23043   23   43     10.73      4.98
  107     23060   23   60     14.94      7.28
  108     23063   23   63     12.56      7.92
  109     23093   23   93     17.52      6.59
  110     24000   24    0     12.45      3.82
  111     24075   24   75     12.27      9.74
  112     24087   24   87     17.88      6.64
  113     24092   24   92     12.49      2.04
  114     24094   24   94     19.35      3.96
  115     25027   25   27     12.25      3.82
  116     25036   25   36     17.44      8.78
  117     25037   25   37     19.31      3.37
  118     25072   25   72     12.32      3.51
  119     26004   26    4      13.9      9.83
  120     26091   26   91        11       4.7
  121     26093   26   93     11.39      6.96
  122     26099   26   99     17.85      6.35
  123     27008   27    8     15.84      1.09
  124     27013   27   13      17.3      2.52
  125     27038   27   38     18.03      6.89
  126     28020   28   20     14.75       3.9
  127     28052   28   52     16.52      1.29
  128     28055   28   55     12.65      8.77
  129     28073   28   73     12.78      3.83
  130     29012   29   12     11.24      9.63
  131     29033   29   33     12.93      8.84
  132     29045   29   45     15.12       7.2
  133     29050   29   50     16.28       7.1
  134     29074   29   74     13.25      6.03
  135     30050   30   50     10.89      1.38
  136     30062   30   62     15.04      1.22
  137     30094   30   94     14.71      3.98
  138     31009   31    9     12.53      3.58
  139     31022   31   22     10.97       5.5
  140     31027   31   27     17.71      3.78
  141     31058   31   58     11.17      2.33
  142     31062   31   62     16.74      7.26
  143     32021   32   21     11.09      4.11
  144     32052   32   52     17.04      4.43
  145     32054   32   54     17.37       1.1
  146     32059   32   59     17.07      1.28
  147     32074   32   74     17.65      3.31
  148     33053   33   53      10.7      7.07
  149     33062   33   62     17.36      2.74
  150     33093   33   93     10.78      5.52
  151     34057   34   57     18.36         3
  152     34062   34   62      18.3      8.16
  153     35015   35   15     12.89      3.81
  154     35018   35   18     19.27      4.29
  155     35027   35   27     16.39      1.66
  156     35029   35   29     10.26      6.95
  157     35091   35   91     13.96      3.56
  158     36014   36   14     15.97      9.05
  159     36044   36   44     15.75      5.21
  160     36069   36   69     18.54      2.08
  161     36099   36   99      17.9      5.49
  162     37001   37    1     12.94      2.82
  163     37008   37    8      19.3       6.4
  164     37021   37   21     12.54      3.35
  165     37022   37   22     13.65      1.94
  166     37035   37   35        15      1.67
  167     37037   37   37      14.7      8.88
  168     37055   37   55     13.44      5.45
  169     37072   37   72     19.81       3.2
  170     38026   38   26     17.73      8.32
  171     38056   38   56     17.22      6.63
  172     38060   38   60     16.28      7.46
  173     38075   38   75     11.96      2.76
  174     39016   39   16     16.82      6.71
  175     39028   39   28     10.75      5.05
  176     39045   39   45     11.01      8.95
  177     39078   39   78     14.66      7.65
  178     39088   39   88      16.3      6.59
  179     39098   39   98     10.03      7.91
  180     40015   40   15     17.59      3.21
  181     40054   40   54     17.44      4.26
  182     40084   40   84     15.13      7.13
  183     40085   40   85     15.17      6.13
  184     41037   41   37     16.53      4.05
  185     41050   41   50     10.68      4.07
  186     41072   41   72     19.32      8.61
  187     41079   41   79     13.22       2.4
  188     41081   41   81     10.19      7.76
  189     41084   41   84     13.07      9.26
  190     41094   41   94     10.18      8.71
  191     42014   42   14     14.47      4.44
  192     42022   42   22      13.4      7.09
  193     42030   42   30     11.07      4.29
  194     42071   42   71     11.87      4.14
  195     42073   42   73     15.23       5.5
  196     42093   42   93      16.8      7.97
  197     43014   43   14     19.57       4.4
  198     43015   43   15     10.19       6.2
  199     43079   43   79     17.99      6.67
  200     43082   43   82     15.68      3.75
  201     43096   43   96     10.53      2.71
  202     43098   43   98      12.5      6.98
  203     44003   44    3     16.06      9.26
  204     44006   44    6     19.04      4.72
  205     44010   44   10     19.89      7.03
  206     44058   44   58     12.58      1.92
  207     45007   45    7     17.25      1.56
  208     45062   45   62     15.42      8.44
  209     45068   45   68     10.15      2.23
  210     46006   46    6     17.32      2.56
  211     46008   46    8     17.36       6.4
  212     46028   46   28     10.09      3.36
  213     46038   46   38     16.36      7.35
  214     46058   46   58     15.53      6.68
  215     46070   46   70     12.53      3.94
  216     46085   46   85     17.56      3.25
  217     47001   47    1     17.85      6.59
  218     47048   47   48     12.35      4.35
  219     47065   47   65     18.72      7.34
  220     47086   47   86     11.17      8.14
  221     48017   48   17     14.59      6.19
  222     48046   48   46     12.68      2.28
  223     48062   48   62     14.12      5.61
  224     48080   48   80     16.91      2.23
  225     49003   49    3     19.24      4.12
  226     49006   49    6     11.35      5.08
  227     49027   49   27     14.09      3.67
  228     49047   49   47     17.62      8.29
  229     49048   49   48     17.38      7.94
  230     49057   49   57     12.85      3.72
  231     49058   49   58     13.05      4.02
  232     49088   49   88     11.37       8.7
  233     50002   50    2      14.2      9.66
  234     50059   50   59     10.27      8.37
  235     50065   50   65     10.09      4.49
  236     50096   50   96     16.59      3.47
  237     51034   51   34     17.28      1.24
  238     51046   51   46     10.45      3.03
  239     51066   51   66     14.03      5.19
  240     52011   52   11     16.98      1.48
  241     52025   52   25     18.17       3.4
  242     52047   52   47     11.03      8.49
  243     52077   52   77     15.83      3.35
  244     52096   52   96     12.28      7.28
  245     53055   53   55     16.22      7.44
  246     53088   53   88     11.57      9.38
  247     53099   53   99     13.11      9.78
  248     54029   54   29     16.72      6.91
  249     54038   54   38     17.92      5.38
  250     54047   54   47     14.95      5.17
  251     54054   54   54     19.36      9.25
  252     54069   54   69     16.09         7
  253     54080   54   80     14.91      2.04
  254     54089   54   89     15.17      5.83
  255     55009   55    9     12.94      1.77
  256     55047   55   47     18.32      1.47
  257     55087   55   87     10.55      2.67
  258     55091   55   91     17.14      5.96
  259     56026   56   26     19.12      8.67
  260     56037   56   37     17.26      7.96
  261     56087   56   87     17.38      3.31
  262     56088   56   88     14.48      8.38
  263     56090   56   90     10.25      9.55
  264     56095   56   95     18.43       6.5
  265     57000   57    0     12.49      8.35
  266     57004   57    4     13.91      7.19
  267     57056   57   56     11.26      5.74
  268     57065   57   65     12.58      2.03
  269     58012   58   12     16.14      7.32
  270     58028   58   28     18.51      8.65
  271     58044   58   44     13.72      9.07
  272     58074   58   74     10.81      9.07
  273     58099   58   99     19.16      7.38
  274     59036   59   36     11.65      3.68
  275     59053   59   53     15.59       8.1
  276     59064   59   64     12.43      3.95
  277     59073   59   73     16.81       5.7
  278     59094   59   94     13.77      5.35
  279     59098   59   98     12.22      1.67
  280     60012   60   12     18.21      6.11
  281     60019   60   19     16.96      9.06
  282     60026   60   26     12.92      8.18
  283     60049   60   49     11.09      9.87
  284     60053   60   53     18.49       3.6
  285     60063   60   63     13.35      2.57
  286     61000   61    0     15.39      9.05
  287     61022   61   22     13.55         5
  288     61034   61   34     14.71      6.46
  289     61087   61   87     11.71      4.89
  290     62004   62    4      12.3      2.88
  291     62031   62   31      16.5      2.08
  292     62046   62   46      19.2       8.2
  293     62074   62   74     14.32      1.04
  294     62085   62   85     10.66      9.08
  295     63080   63   80     16.08      1.27
  296     64022   64   22     18.89      7.98
  297     65008   65    8     17.77      4.93
  298     65032   65   32     10.43      3.61
  299     65053   65   53     10.39      1.66
  300     65063   65   63      11.3      2.73
  301     65084   65   84     16.12      3.56
  302     65098   65   98      13.7      1.61
  303     66001   66    1      19.8      7.46
  304     66037   66   37     17.16      4.27
  305     66052   66   52     14.94      6.15
  306     66057   66   57     16.63      9.91
  307     66069   66   69     15.62      8.14
  308     66076   66   76     15.05      2.16
  309     66079   66   79     12.09      5.64
  310     67002   67    2     10.55      3.08
  311     67007   67    7     17.13      7.96
  312     67008   67    8     15.75      5.68
  313     67010   67   10     17.67      7.91
  314     67073   67   73     13.96      7.97
  315     67074   67   74     14.69      6.76
  316     67091   67   91     19.79      1.07
  317     67092   67   92     14.81      8.51
  318     68015   68   15     17.79      6.72
  319     68024   68   24     16.88      6.37
  320     68049   68   49     14.96      6.96
  321     68086   68   86     15.41      3.86
  322     69005   69    5     12.04      1.07
  323     69020   69   20     10.31      5.08
  324     69026   69   26     17.97      2.52
  325     69037   69   37      14.8      8.97
  326     69038   69   38     11.82      7.99
  327     69053   69   53     18.12      4.58
  328     69079   69   79     12.32      3.12
  329     70009   70    9     18.49      6.41
  330     70016   70   16     16.23      6.01
  331     70020   70   20      15.4      7.89
  332     70062   70   62      16.4      6.64
  333     70077   70   77     13.09      6.06
  334     70082   70   82     19.04       5.3
  335     70097   70   97     10.82      9.97
  336     71003   71    3     15.83      4.86
  337     71089   71   89     14.14       1.2
  338     71092   71   92     16.95      5.76
  339     72016   72   16     16.57      3.25
  340     72027   72   27     17.51      6.96
  341     72034   72   34     18.24      6.43
  342     72068   72   68     15.69      7.39
  343     72080   72   80     14.63      7.07
  344     73006   73    6     13.24      5.25
  345     73015   73   15     17.88      5.78
  346     73030   73   30     13.09      2.44
  347     73059   73   59        19      5.91
  348     73079   73   79     14.59      7.72
  349     73084   73   84     14.32      2.65
  350     74008   74    8     12.54      5.54
  351     74014   74   14     10.98      8.06
  352     74040   74   40     12.05      1.13
  353     74060   74   60     19.04      7.31
  354     74071   74   71     12.78      3.34
  355     74073   74   73     13.95      7.02
  356     74075   74   75     14.49       7.3
  357     75042   75   42        13      7.54
  358     75044   75   44     19.62      4.36
  359     75052   75   52     11.96      5.18
  360     75067   75   67     11.36      3.62
  361     75074   75   74     10.31       1.6
  362     76014   76   14     14.76      5.93
  363     76051   76   51      11.4       2.8
  364     76064   76   64     16.56      4.27
  365     76092   76   92     12.12      7.23
  366     76094   76   94     18.01      3.21
  367     77009   77    9     14.67      2.58
  368     77046   77   46     13.58      7.84
  369     77081   77   81     12.63      1.29
  370     77097   77   97     19.88      1.06
  371     78004   78    4     11.19      4.48
  372     78011   78   11     15.76      2.87
  373     78052   78   52     10.76      6.77
  374     78058   78   58     13.61      1.59
  375     78059   78   59     18.73       9.3
  376     78089   78   89     18.13      9.82
  377     78091   78   91     18.32      3.89
  378     78099   78   99     14.38      9.21
  379     79030   79   30     17.38      5.02
  380     79034   79   34     10.22      1.24
  381     79045   79   45     18.95      5.46
  382     79067   79   67     11.72      8.09
  383     80007   80    7     18.37      3.26
  384     80011   80   11     19.97      7.82
  385     80016   80   16     16.02      3.43
  386     80017   80   17     13.46       5.9
  387     80033   80   33     15.59      6.15
  388     80040   80   40     13.66      3.42
  389     81005   81    5     11.49      4.47
  390     81023   81   23     16.11      8.34
  391     81026   81   26     10.32      4.33
  392     81043   81   43     12.66      1.19
  393     82006   82    6     19.85      4.06
  394     82010   82   10     19.08      2.53
  395     82021   82   21     18.22      2.21
  396     82024   82   24     13.82      4.81
  397     82039   82   39     16.79      6.58
  398     83000   83    0     11.44      2.44
  399     83024   83   24      18.5      6.78
  400     83070   83   70     16.32      7.98
  401     83083   83   83     19.04      6.26
  402     84011   84   11     11.49      1.52
  403     84021   84   21     17.91      6.84
  404     84032   84   32     10.12      5.38
  405     84063   84   63     13.08      5.96
  406     84072   84   72     19.13      7.14
  407     84080   84   80     17.98      8.94
  408     84088   84   88     19.94      2.98
  409     84089   84   89     10.42      5.49
  410     85005   85    5     12.53      1.43
  411     85036   85   36      12.8      8.34
  412     85044   85   44     17.43      5.65
  413     85045   85   45     17.25      8.29
  414     85057   85   57     16.03      3.49
  415     85062   85   62     17.12      2.67
  416     85081   85   81     16.66      6.91
  417     85086   85   86     10.21      5.05
  418     85094   85   94     11.67       9.3
  419     86006   86    6     15.28      5.68
  420     86044   86   44     18.18      2.96
  421     86051   86   51     17.47      1.77
  422     86054   86   54     13.03      2.99
  423     86057   86   57      19.9      5.42
  424     86061   86   61      10.9      3.11
  425     86064   86   64     14.83      3.55
  426     86073   86   73     11.59      5.73
  427     86088   86   88     11.55      2.76
  428     87002   87    2     14.64      9.44
  429     87066   87   66     16.72      2.13
  430     87074   87   74     15.89         5
  431     87091   87   91     13.09      1.44
  432     88029   88   29     12.77      4.34
  433     88032   88   32     13.06       2.9
  434     88038   88   38     12.31      5.56
  435     88041   88   41      19.3      6.84
  436     88050   88   50     14.26      8.29
  437     88056   88   56     12.88      8.55
  438     88059   88   59     15.18      6.36
  439     88064   88   64     15.56      2.63
  440     88069   88   69     15.91      7.14
  441     88073   88   73     19.54      3.27
  442     89005   89    5     17.16      4.17
  443     89054   89   54     19.32      4.58
  444     89056   89   56     15.73       2.4
  445     90038   90   38     11.56      2.23
  446     90044   90   44     10.78      8.25
  447     91002   91    2     12.12      1.83
  448     91035   91   35      16.1      1.58
  449     91056   91   56     12.52      5.67
  450     91063   91   63      11.3       1.8
  451     91094   91   94     11.82      4.49
  452     92007   92    7     10.38      3.17
  453     92013   92   13     19.16      7.22
  454     92032   92   32     16.68       6.5
  455     92078   92   78     18.49      6.82
  456     93004   93    4     13.27      2.17
  457     93012   93   12     11.37      9.49
  458     93031   93   31      10.1      8.38
  459     93086   93   86     16.65      7.63
  460     93096   93   96     14.49      4.03
  461     94008   94    8     19.52      5.29
  462     94062   94   62     13.05      6.55
  463     94071   94   71     11.13       3.3
  464     95039   95   39     10.61      9.92
  465     95043   95   43     12.85      1.39
  466     95046   95   46     15.32      1.44
  467     95063   95   63     17.02      2.41
  468     96047   96   47     11.59      9.56
  469     96060   96   60     12.46      2.23
  470     97001   97    1     10.84      3.23
  471     97018   97   18     14.22      4.68
  472     97039   97   39     16.04      8.15
  473     97046   97   46     16.78      6.23
  474     97069   97   69     17.11      4.56
  475     97081   97   81     18.31      4.71
  476     97095   97   95     14.33      5.42
  477     98044   98   44     13.04      2.33
  478     98053   98   53     16.99      7.28
  479     98062   98   62     19.57      1.11
  480     98069   98   69     11.35      6.06
  481     98073   98   73     10.32      2.85
  482     98078   98   78     11.58      1.48
  483     98086   98   86     13.82      5.49
  484     99008   99    8     19.81      1.26
  485     99016   99   16     15.75      2.01
  486     99033   99   33     19.95      7.22
  487     99036   99   36     10.03      5.82
  488     99045   99   45     15.74      1.17
  489     99046   99   46     19.07      7.75
  490     99049   99   49     16.37      3.69
  491     99087   99   87     17.58      5.22
  492     99089   99   89     12.85      1.45
  493     99095   99   95     19.64      1.74
  494     99099   99   99     11.45       1.4


   0  90
   1   2  32  45  52
   2  20  25  27  75  84  87
   3  37  47  58  76
   4   1  19  31  34  52  59  68
   5  38  48  65  76  97
   6   8  35  68  93
   7  17  22  42  44  59  88  98
   8  34  39  61  67  77  80  93  95
   9  41  42  53  67  74
  11  17  19  69  95
  12  14  23
  13  29  66
  14   0   1  34  57  66  84  85  93
  15  19  26  27  30  44  48  77  94
  16  17  73  81  82
  18  17  26  29  92
  19  15  24
  20   6  13  51  70
  21   7  22  24  31  36  41  73  83  93
  22  17  48  62  94  95
  23  16  26  31  43  60  63  93
  24   0  75  87  92  94
  25  27  36  37  72
  26   4  91  93  99
  27   8  13  38
  28  20  52  55  73
  29  12  33  45  50  74
  30  50  62  94
  31   9  22  27  58  62
  32  21  52  54  59  74
  33  53  62  93
  34  57  62
  35  15  18  27  29  91
  36  14  44  69  99
  37   1   8  21  22  35  37  55  72
  38  26  56  60  75
  39  16  28  45  78  88  98
  40  15  54  84  85
  41  37  50  72  79  81  84  94
  42  14  22  30  71  73  93
  43  14  15  79  82  96  98
  44   3   6  10  58
  45   7  62  68
  46   6   8  28  38  58  70  85
  47   1  48  65  86
  48  17  46  62  80
  49   3   6  27  47  48  57  58  88
  50   2  59  65  96
  51  34  46  66
  52  11  25  47  77  96
  53  55  88  99
  54  29  38  47  54  69  80  89
  55   9  47  87  91
  56  26  37  87  88  90  95
  57   0   4  56  65
  58  12  28  44  74  99
  59  36  53  64  73  94  98
  60  12  19  26  49  53  63
  61   0  22  34  87
  62   4  31  46  74  85
  63  80
  64  22
  65   8  32  53  63  84  98
  66   1  37  52  57  69  76  79
  67   2   7   8  10  73  74  91  92
  68  15  24  49  86
  69   5  20  26  37  38  53  79
  70   9  16  20  62  77  82  97
  71   3  89  92
  72  16  27  34  68  80
  73   6  15  30  59  79  84
  74   8  14  40  60  71  73  75
  75  42  44  52  67  74
  76  14  51  64  92  94
  77   9  46  81  97
  78   4  11  52  58  59  89  91  99
  79  30  34  45  67
  80   7  11  16  17  33  40
  81   5  23  26  43
  82   6  10  21  24  39
  83   0  24  70  83
  84  11  21  32  63  72  80  88  89
  85   5  36  44  45  57  62  81  86  94
  86   6  44  51  54  57  61  64  73  88
  87   2  66  74  91
  88  29  32  38  41  50  56  59  64  69  73
  89   5  54  56
  90  38  44
  91   2  35  56  63  94
  92   7  13  32  78
  93   4  12  31  86  96
  94   8  62  71
  95  39  43  46  63
  96  47  60
  97   1  18  39  46  69  81  95
  98  44  53  62  69  73  78  86
  99   8  16  33  36  45  46  49  87  89  95  99
