Nodes:  100
Narcs:  495
Snode:  20
Enode:  88
    0        23    0   23     15.34      5.03
    1        24    0   24      16.2       6.2
    2        37    0   37     17.31      2.95
    3        41    0   41     10.88      8.94
    4        44    0   44     19.63      7.81
    5        79    0   79     14.51      1.79
    6        87    0   87     11.62      5.96
    7        96    0   96     10.31      6.04
    8      1085    1   85     14.57      4.26
    9      1095    1   95     19.06      9.99
   10      2000    2    0     19.45      9.94
   11      2014    2   14     15.47         1
   12      2026    2   26     13.54      7.86
   13      2034    2   34     10.45       5.2
   14      2065    2   65     19.89      1.51
   15      2072    2   72     18.25      9.03
   16      2079    2   79     17.11      9.52
   17      3029    3   29      18.2      5.05
   18      3032    3   32     19.44      6.08
   19      3062    3   62     12.03      5.58
   20      3082    3   82     10.39      7.16
   21      3085    3   85     10.35       8.9
   22      4013    4   13     11.24      1.69
   23      4022    4   22     15.24      5.69
   24      4047    4   47     12.43      6.24
   25      4088    4   88     12.21      4.77
   26      5001    5    1     18.33      5.59
   27      5024    5   24     12.42      1.06
   28      5050    5   50     19.61         3
   29      5099    5   99     11.44      5.07
   30      6020    6   20     13.65      2.06
   31      6063    6   63      12.4         9
   32      6068    6   68     12.52       2.7
   33      6077    6   77     12.38      8.48
   34      6085    6   85     13.38      8.93
   35      6096    6   96     10.63      7.24
   36      7043    7   43     18.42      1.28
   37      7053    7   53     19.36      1.73
   38      7095    7   95     13.92      4.01
   39      8068    8   68     17.18      2.39
   40      8087    8   87     19.65      2.83
   41      9017    9   17     10.18      4.66
   42      9041    9   41     19.47      9.68
   43      9091    9   91     17.66      8.73
   44      9097    9   97     11.21      7.23
   45     10029   10   29     12.31      6.81
   46     10039   10   39     12.34      7.17
   47     11002   11    2     17.46      6.57
   48     11047   11   47      13.7      6.13
   49     11053   11   53     17.98      5.62
   50     11059   11   59     10.72      9.95
   51     11076   11   76     14.89      2.36
   52     12001   12    1     15.48      6.99
   53     12008   12    8     13.67      7.68
   54     12020   12   20     12.63      7.42
   55     12046   12   46     16.96      3.05
   56     12077   12   77     18.23      2.45
   57     12085   12   85     11.43      5.82
   58     13053   13   53     17.84      2.76
   59     13079   13   79     17.05      6.65
   60     13096   13   96     11.53      8.94
   61     13098   13   98     18.77      9.89
   62     14003   14    3     19.93      8.56
   63     14037   14   37     16.54      1.41
   64     14079   14   79      10.8      4.02
   65     15007   15    7     14.74      6.38
   66     15021   15   21     17.61      4.24
   67     15022   15   22     17.02      6.81
   68     15045   15   45     14.17      2.92
   69     15048   15   48     18.96      2.17
   70     15096   15   96     14.57      1.83
   71     15097   15   97     13.42      6.28
   72     16021   16   21     17.72      9.55
   73     16042   16   42     19.89      8.12
   74     16048   16   48     12.34      8.84
   75     16062   16   62     19.05      2.54
   76     16085   16   85     11.15      5.61
   77     16096   16   96      10.2      1.63
   78     17002   17    2     19.62      3.94
   79     17006   17    6      18.3      8.98
   80     17019   17   19      18.4      5.39
   81     17039   17   39     11.84      2.57
   82     17061   17   61     18.13      6.21
   83     17063   17   63     15.92      1.68
   84     17072   17   72     13.82      4.55
   85     17075   17   75     10.68      5.02
   86     17087   17   87     18.64      8.43
   87     18000   18    0     11.26      8.87
   88     18020   18   20     18.74      6.27
   89     18032   18   32     14.68      4.41
   90     18074   18   74     12.83      8.93
   91     19001   19    1     17.15      8.17
   92     19012   19   12     17.84      2.16
   93     19013   19   13     19.78      2.41
   94     19026   19   26     15.54      7.03
   95     19070   19   70     13.84      6.44
   96     19072   19   72     14.95      1.37
   97     19079   19   79     16.17      8.25
   98     20002   20    2     10.91      5.69
   99     20013   20   13     15.67      9.86
  100     20029   20   29     15.95      4.25
  101     20037   20   37     15.94      3.53
  102     20046   20   46     11.38      4.75
  103     21000   21    0     17.96      6.89
  104     21001   21    1     16.38      5.29
  105     21050   21   50      16.6      2.56
  106     21051   21   51     10.42      4.77
  107     21083   21   83     13.99      4.32
  108     21086   21   86      10.9      7.98
  109     22002   22    2     15.53      5.12
  110     22023   22   23     18.47      8.25
  111     22030   22   30     14.69       8.8
  112     22037   22   37     11.16      2.55
  113     22087   22   87     14.62      4.43
  114     22092   22   92     12.14      7.23
  115     23039   23   39     18.38      2.54
  116     23075   23   75     19.53      2.26
  117     23088   23   88     19.38      2.21
  118     23098   23   98        19      3.16
  119     24010   24   10     12.41      3.38
  120     24056   24   56     12.15       8.3
  121     24073   24   73      16.7      1.76
  122     24076   24   76     17.07      4.45
  123     25002   25    2        19      7.45
  124     25016   25   16     19.61      6.95
  125     25024   25   24      11.4      1.74
  126     25047   25   47     19.97      2.02
  127     25075   25   75     13.91       2.8
  128     25080   25   80     19.02      5.72
  129     26014   26   14     17.77      6.11
  130     26015   26   15     10.67      7.43
  131     26070   26   70     15.43      1.15
  132     27003   27    3     10.88      7.43
  133     27028   27   28     15.58      7.79
  134     27033   27   33     11.68       6.6
  135     27047   27   47     16.09      7.35
  136     27049   27   49     11.46       9.8
  137     27060   27   60     10.85      1.32
  138     27092   27   92      18.1      5.82
  139     28044   28   44     19.03      9.88
  140     29096   29   96     15.76      7.11
  141     29099   29   99     18.88       7.1
  142     30038   30   38     17.52      1.95
  143     30061   30   61     16.39      3.96
  144     31000   31    0      16.7      9.39
  145     31005   31    5     18.66      7.47
  146     31007   31    7     15.55      3.33
  147     31009   31    9     15.79      3.97
  148     31023   31   23     18.19      3.39
  149     31025   31   25     19.99      1.36
  150     31042   31   42     17.88       7.6
  151     31044   31   44     18.99      8.12
  152     31050   31   50     14.85      1.78
  153     31062   31   62     19.73      1.61
  154     31068   31   68     19.81      2.63
  155     31077   31   77     14.83      5.53
  156     32011   32   11     15.19      6.78
  157     32030   32   30     10.87      5.61
  158     32049   32   49     14.51      3.47
  159     32050   32   50     17.39      2.82
  160     32093   32   93     19.19      9.92
  161     33022   33   22     18.82      3.39
  162     33040   33   40      13.7      4.88
  163     33041   33   41     11.37      2.03
  164     33053   33   53     16.85      9.83
  165     33080   33   80     14.27      4.79
  166     34002   34    2     10.99      5.79
  167     34021   34   21     10.49      6.47
  168     34043   34   43     12.64      2.42
  169     35018   35   18     10.67      8.01
  170     35027   35   27     19.92       5.2
  171     35055   35   55     11.49      6.36
  172     35072   35   72     18.53      5.93
  173     36020   36   20     10.36      8.49
  174     36032   36   32     17.79      6.19
  175     36052   36   52     10.73      1.79
  176     37016   37   16     13.09      7.24
  177     37032   37   32     12.71      3.97
  178     37071   37   71     10.52      9.31
  179     37079   37   79     14.81      5.57
  180     37086   37   86     16.05      2.83
  181     37091   37   91     19.19      3.79
  182     38032   38   32      12.4      9.61
  183     38034   38   34     11.44      2.86
  184     39009   39    9     11.76      7.27
  185     39012   39   12     19.51      7.01
  186     39042   39   42     12.17      5.34
  187     39044   39   44     15.96      1.29
  188     39048   39   48     16.63      7.23
  189     39053   39   53     16.59      6.15
  190     39058   39   58     19.63      4.28
  191     39061   39   61     14.47      1.47
  192     39065   39   65     15.36      2.77
  193     39066   39   66     11.79      3.68
  194     39070   39   70     18.95      8.72
  195     39083   39   83     17.48      8.18
  196     40006   40    6     13.69      8.24
  197     40021   40   21     18.51      5.63
  198     40034   40   34      16.7      7.68
  199     40035   40   35     10.46      5.53
  200     40037   40   37     13.48      7.43
  201     40098   40   98     10.12      7.55
  202     41043   41   43     17.49      2.53
  203     41053   41   53     16.32      5.02
  204     41096   41   96     16.97      4.45
  205     42000   42    0     16.52      4.86
  206     42005   42    5     17.87      5.84
  207     42006   42    6     11.08      5.41
  208     42014   42   14     12.95      5.64
  209     42020   42   20     17.03      3.03
  210     43016   43   16      16.2      4.87
  211     43061   43   61     16.05      1.84
  212     43079   43   79     13.29       7.1
  213     44024   44   24     18.88      6.42
  214     44053   44   53     18.42      4.13
  215     44068   44   68     14.39      2.93
  216     44069   44   69     14.01      9.56
  217     45018   45   18     15.41      2.98
  218     45024   45   24     14.76      2.18
  219     45026   45   26     10.35      8.69
  220     45046   45   46     15.17      5.77
  221     45079   45   79     11.51      7.44
  222     45082   45   82     14.85      7.59
  223     45090   45   90     11.85      8.48
  224     46016   46   16     11.35       4.4
  225     46047   46   47     12.54      9.84
  226     46080   46   80     13.34      1.28
  227     46083   46   83     13.18      9.02
  228     47015   47   15     15.85      8.57
  229     47033   47   33     10.43      2.94
  230     47038   47   38     18.87      4.08
  231     47046   47   46     14.52      3.42
  232     47078   47   78     18.28      2.51
  233     47091   47   91     14.29      5.09
  234     48014   48   14     12.64      4.74
  235     48033   48   33     18.22      8.58
  236     48063   48   63     11.71      9.05
  237     48066   48   66     11.69      8.49
  238     48077   48   77     17.51      9.63
  239     48084   48   84     11.99      7.35
  240     48096   48   96     18.38      4.33
  241     48097   48   97      17.2      9.59
  242     48098   48   98     15.16      1.95
  243     49027   49   27     15.16      8.94
  244     49061   49   61      18.3      3.27
  245     49087   49   87     17.45      6.36
  246     49089   49   89     10.81      3.37
  247     49096   49   96     14.33      3.37
  248     49098   49   98     10.45      2.68
  249     50006   50    6     19.26       6.3
  250     50012   50   12     18.27       2.3
  251     50032   50   32     14.18       9.9
  252     50037   50   37     18.46      7.69
  253     50057   50   57     13.47       7.7
  254     50080   50   80     15.95      4.85
  255     51025   51   25      16.6      4.43
  256     51039   51   39     10.85      5.63
  257     51061   51   61     16.48         8
  258     51076   51   76     19.49      1.27
  259     51081   51   81     17.11      2.45
  260     51095   51   95     17.26      9.89
  261     52014   52   14     11.35      4.72
  262     52021   52   21     11.13      9.59
  263     52024   52   24     11.91      7.71
  264     52030   52   30      11.8      9.01
  265     52037   52   37     17.61      1.52
  266     52051   52   51      11.6      7.54
  267     52066   52   66     18.35      3.18
  268     52067   52   67      11.6      6.12
  269     52069   52   69     19.01      1.07
  270     52074   52   74     14.22      9.93
  271     52085   52   85     11.78      8.77
  272     53010   53   10     13.94      4.57
  273     53028   53   28     17.96      1.25
  274     53034   53   34        13      3.12
  275     53066   53   66     14.17      5.98
  276     53069   53   69     11.35      3.77
  277     53085   53   85     16.91      5.37
  278     53090   53   90     13.14      4.48
  279     54045   54   45     10.93      5.57
  280     54073   54   73     15.85      7.06
  281     55008   55    8     19.78      9.77
  282     55019   55   19     10.59      1.23
  283     55041   55   41     10.65      5.58
  284     55060   55   60     19.02      9.95
  285     55066   55   66     10.43      9.91
  286     55077   55   77     19.58      9.71
  287     56006   56    6     14.28      9.83
  288     56021   56   21     18.56      6.55
  289     56034   56   34     13.31      9.65
  290     56051   56   51     12.42      8.22
  291     56075   56   75      14.5      4.32
  292     56089   56   89      19.4       7.2
  293     57035   57   35     14.71       6.4
  294     57037   57   37      15.1      8.63
  295     57042   57   42     18.87      9.81
  296     57075   57   75     12.54      6.22
  297     57085   57   85      12.8      5.33
  298     58009   58    9     17.82      6.56
  299     58060   58   60      15.5      1.04
  300     58062   58   62     19.55      4.93
  301     58063   58   63     17.66      4.73
  302     58064   58   64     12.06      3.23
  303     58087   58   87     11.91      3.32
  304     59047   59   47     15.84       7.3
  305     59084   59   84     16.04       4.3
  306     60014   60   14     18.69      5.08
  307     60026   60   26     13.21      8.55
  308     60085   60   85     10.52      4.67
  309     61035   61   35     15.93      7.05
  310     61040   61   40     12.55      6.15
  311     61049   61   49     13.17      2.22
  312     61061   61   61     11.27      4.55
  313     62034   62   34     12.12       3.6
  314     62038   62   38     11.98      5.78
  315     62048   62   48     17.06      8.63
  316     62071   62   71     14.01      9.98
  317     63050   63   50     10.66      7.34
  318     63054   63   54     16.68      8.98
  319     63098   63   98     19.62      5.05
  320     64031   64   31     10.57      1.87
  321     64052   64   52     13.01      4.41
  322     64055   64   55     16.99      9.78
  323     64081   64   81     10.42      9.01
  324     64096   64   96     12.74      5.93
  325     65028   65   28     14.66      7.27
  326     65041   65   41     15.52      7.61
  327     65067   65   67     12.22      5.45
  328     66000   66    0     13.68      4.12
  329     66045   66   45     18.63      4.58
  330     66063   66   63     16.46      4.27
  331     66079   66   79     13.52       7.9
  332     66091   66   91     16.44      6.73
  333     66094   66   94     17.45      7.51
  334     67031   67   31     11.09      1.93
  335     67059   67   59     17.23      2.64
  336     68034   68   34     19.68      3.41
  337     68036   68   36     18.18      1.68
  338     68041   68   41     12.06      6.82
  339     68048   68   48     11.71      3.49
  340     68072   68   72     17.69      1.62
  341     69013   69   13        16      5.66
  342     69058   69   58     10.89      7.57
  343     69071   69   71     11.52      4.05
  344     69078   69   78     18.73      7.42
  345     69087   69   87     14.21      5.26
  346     70015   70   15     18.13      3.48
  347     70018   70   18     16.51      9.68
  348     70084   70   84      19.9      4.12
  349     70088   70   88      13.1       5.7
  350     71089   71   89     14.78      1.84
  351     72014   72   14     13.25      2.23
  352     72039   72   39     13.25      3.12
  353     72047   72   47     14.84      9.55
  354     72065   72   65     15.28      3.19
  355     72075   72   75     10.39      2.87
  356     72085   72   85     15.43      1.49
  357     73006   73    6     10.18      7.47
  358     73007   73    7     18.27      2.63
  359     73048   73   48     19.76      3.25
  360     73054   73   54     16.16      1.74
  361     73069   73   69      11.1      6.32
  362     73083   73   83     14.29      9.89
  363     73090   73   90     12.02      7.44
  364     73093   73   93     14.45      7.34
  365     74002   74    2     19.72      4.08
  366     74013   74   13      10.9      1.72
  367     74049   74   49     15.45      4.58
  368     74055   74   55     18.44      2.41
  369     74062   74   62     15.48      6.53
  370     74068   74   68     12.53      7.27
  371     74083   74   83     19.48      8.39
  372     74085   74   85     16.96      5.67
  373     74095   74   95     16.36      6.82
  374     74096   74   96      13.7      9.69
  375     75001   75    1     14.99      7.56
  376     75006   75    6      10.5      6.99
  377     75044   75   44     17.34      6.49
  378     75080   75   80     10.59      5.26
  379     75081   75   81      13.7      7.73
  380     76044   76   44     10.77      9.23
  381     76048   76   48     14.07      1.18
  382     76098   76   98     14.42      3.29
  383     77007   77    7     19.39      3.31
  384     77011   77   11     10.28      4.27
  385     77012   77   12     16.14      1.67
  386     77020   77   20     16.79      5.95
  387     77057   77   57      18.5      3.03
  388     77061   77   61     17.71      8.05
  389     77071   77   71     12.38      2.54
  390     77097   77   97     13.68      3.65
  391     78003   78    3     16.32      1.07
  392     78026   78   26     16.57      6.12
  393     78056   78   56     19.26      3.69
  394     78064   78   64     19.33      7.38
  395     78065   78   65        13      2.53
  396     78090   78   90     15.48      8.31
  397     79012   79   12     18.42      7.47
  398     79013   79   13     10.32      5.15
  399     79028   79   28      18.1      9.37
  400     79044   79   44     17.03      9.74
  401     79049   79   49     14.93      1.14
  402     80016   80   16     16.45       5.1
  403     80040   80   40     14.57      1.45
  404     80065   80   65     18.85      5.88
  405     81011   81   11     14.36      3.45
  406     81048   81   48     13.55      6.59
  407     81093   81   93     11.83      1.86
  408     81098   81   98     13.44      2.89
  409     82039   82   39     15.81      7.62
  410     82078   82   78     10.96      6.98
  411     83029   83   29     17.57         5
  412     83034   83   34     15.92      4.29
  413     83057   83   57     13.48      5.76
  414     83061   83   61     10.54      5.59
  415     84006   84    6     14.43       6.4
  416     84070   84   70     14.79      4.09
  417     84071   84   71     11.35       1.9
  418     84089   84   89     12.93      1.04
  419     85063   85   63     12.58      5.76
  420     85070   85   70     18.91      5.73
  421     85097   85   97     11.25      8.66
  422     86059   86   59     16.64      5.67
  423     86075   86   75     18.08      7.81
  424     86089   86   89      19.8      3.21
  425     87000   87    0      10.7      8.53
  426     87015   87   15     15.12      9.13
  427     87049   87   49        14      5.56
  428     87070   87   70     18.79      2.09
  429     87086   87   86     12.35      6.45
  430     88002   88    2     15.91      1.82
  431     88031   88   31     17.15      2.94
  432     88043   88   43     16.84      6.55
  433     88049   88   49     16.39      2.12
  434     88062   88   62     13.07       1.2
  435     88065   88   65     14.33      3.81
  436     88067   88   67     12.57      1.98
  437     88084   88   84     19.52      8.58
  438     88088   88   88     14.18      9.18
  439     89002   89    2     14.11      4.07
  440     89003   89    3     16.93      2.01
  441     89006   89    6     13.94      7.77
  442     89009   89    9      15.5      8.04
  443     89022   89   22     19.98      6.43
  444     89029   89   29     13.55      1.15
  445     89040   89   40     17.69      5.45
  446     89071   89   71     18.98      8.31
  447     89073   89   73      17.7      5.17
  448     89077   89   77      13.3      7.77
  449     90035   90   35     13.47      2.32
  450     90079   90   79      17.7      8.52
  451     90082   90   82     19.22      6.41
  452     91012   91   12        17      3.44
  453     91027   91   27     14.44      4.78
  454     91059   91   59     14.07      2.45
  455     91084   91   84        13      5.79
  456     91094   91   94     12.73      2.07
  457     92005   92    5     12.72      9.68
  458     92015   92   15     15.72      4.59
  459     92039   92   39     15.54       2.6
  460     92070   92   70     19.09      4.73
  461     92082   92   82     16.73      5.18
  462     92098   92   98     10.11      2.77
  463     92099   92   99      18.5      3.99
  464     93045   93   45      15.9      3.85
  465     93056   93   56     15.36      9.74
  466     93081   93   81     11.78      7.67
  467     93086   93   86     13.96       3.5
  468     93087   93   87      18.1      7.96
  469     94061   94   61     14.72      6.32
  470     94069   94   69     17.39      8.93
  471     94074   94   74     12.69      9.88
  472     94079   94   79     13.08      6.61
  473     94082   94   82     17.13      5.22
  474     95020   95   20     13.29      7.59
  475     95033   95   33     12.63      5.21
  476     95034   95   34     19.94      2.62
  477     96014   96   14     11.03      8.32
  478     96021   96   21     17.77      9.06
  479     96032   96   32     19.84      4.11
  480     96039   96   39     15.37      7.78
  481     96047   96   47     11.24      5.18
  482     96066   96   66     17.06      2.12
  483     96067   96   67     19.54      9.89
  484     96070   96   70     19.89      1.07
  485     96098   96   98     12.44       3.6
  486     97014   97   14     16.18      9.25
  487     97052   97   52      15.5      3.54
  488     97080   97   80     19.35      4.55
  489     97089   97   89     19.38      7.92
  490     98057   98   57      18.1      1.24
  491     98097   98   97     13.47      5.69
  492     99034   99   34     18.64       3.5
  493     99037   99   37     18.26      8.18
  494     99085   99   85     19.18      4.71


   0  23  24  37  41  44  79  87  96
   1  85  95
   2   0  14  26  34  65  72  79
   3  29  32  62  82  85
   4  13  22  47  88
   5   1  24  50  99
   6  20  63  68  77  85  96
   7  43  53  95
   8  68  87
   9  17  41  91  97
  10  29  39
  11   2  47  53  59  76
  12   1   8  20  46  77  85
  13  53  79  96  98
  14   3  37  79
  15   7  21  22  45  48  96  97
  16  21  42  48  62  85  96
  17   2   6  19  39  61  63  72  75  87
  18   0  20  32  74
  19   1  12  13  26  70  72  79
  20   2  13  29  37  46
  21   0   1  50  51  83  86
  22   2  23  30  37  87  92
  23  39  75  88  98
  24  10  56  73  76
  25   2  16  24  47  75  80
  26  14  15  70
  27   3  28  33  47  49  60  92
  28  44
  29  96  99
  30  38  61
  31   0   5   7   9  23  25  42  44  50  62  68  77
  32  11  30  49  50  93
  33  22  40  41  53  80
  34   2  21  43
  35  18  27  55  72
  36  20  32  52
  37  16  32  71  79  86  91
  38  32  34
  39   9  12  42  44  48  53  58  61  65  66  70  83
  40   6  21  34  35  37  98
  41  43  53  96
  42   0   5   6  14  20
  43  16  61  79
  44  24  53  68  69
  45  18  24  26  46  79  82  90
  46  16  47  80  83
  47  15  33  38  46  78  91
  48  14  33  63  66  77  84  96  97  98
  49  27  61  87  89  96  98
  50   6  12  32  37  57  80
  51  25  39  61  76  81  95
  52  14  21  24  30  37  51  66  67  69  74  85
  53  10  28  34  66  69  85  90
  54  45  73
  55   8  19  41  60  66  77
  56   6  21  34  51  75  89
  57  35  37  42  75  85
  58   9  60  62  63  64  87
  59  47  84
  60  14  26  85
  61  35  40  49  61
  62  34  38  48  71
  63  50  54  98
  64  31  52  55  81  96
  65  28  41  67
  66   0  45  63  79  91  94
  67  31  59
  68  34  36  41  48  72
  69  13  58  71  78  87
  70  15  18  84  88
  71  89
  72  14  39  47  65  75  85
  73   6   7  48  54  69  83  90  93
  74   2  13  49  55  62  68  83  85  95  96
  75   1   6  44  80  81
  76  44  48  98
  77   7  11  12  20  57  61  71  97
  78   3  26  56  64  65  90
  79  12  13  28  44  49
  80  16  40  65
  81  11  48  93  98
  82  39  78
  83  29  34  57  61
  84   6  70  71  89
  85  63  70  97
  86  59  75  89
  87   0  15  49  70  86
  88   2  31  43  49  62  65  67  84  88
  89   2   3   6   9  22  29  40  71  73  77
  90  35  79  82
  91  12  27  59  84  94
  92   5  15  39  70  82  98  99
  93  45  56  81  86  87
  94  61  69  74  79  82
  95  20  33  34
  96  14  21  32  39  47  66  67  70  98
  97  14  52  80  89
  98  57  97
  99  34  37  85
