Nodes:  100
Narcs:  495
Snode:  68
Enode:  63
    0         6    0    6     11.65      1.47
    1        66    0   66     12.91      5.44
    2        83    0   83     19.07      9.62
    3      1034    1   34     10.23      6.81
    4      1083    1   83     15.26      3.17
    5      1097    1   97     14.19      5.44
    6      2026    2   26     10.78      4.81
    7      2043    2   43     14.98      4.25
    8      2050    2   50     18.73      7.44
    9      2053    2   53     10.58      3.36
   10      3010    3   10     13.65       7.8
   11      3029    3   29     16.12      8.64
   12      3033    3   33     17.53      7.48
   13      3034    3   34     15.96      3.97
   14      3035    3   35     15.71      6.03
   15      3050    3   50     17.87      4.61
   16      3052    3   52     14.86      2.95
   17      3082    3   82      11.9      9.22
   18      3087    3   87     18.37       9.1
   19      3096    3   96     10.71      6.08
   20      4008    4    8     11.47      7.79
   21      4042    4   42      14.5       6.8
   22      4044    4   44     14.94      6.45
   23      4047    4   47     14.39      6.04
   24      4049    4   49     10.24      1.82
   25      4059    4   59     15.28      3.67
   26      4065    4   65     15.47      7.18
   27      4069    4   69     17.36      7.02
   28      4070    4   70     13.35      1.55
   29      5007    5    7     10.82      7.99
   30      5011    5   11     17.51      4.89
   31      5085    5   85     11.64      5.39
   32      6018    6   18     15.61      9.95
   33      6024    6   24     14.93      4.84
   34      6040    6   40      17.1      9.23
   35      6065    6   65     15.05      8.65
   36      6077    6   77      17.3      6.09
   37      7008    7    8     15.75      6.85
   38      7055    7   55     18.58      9.97
   39      8001    8    1     19.58      1.86
   40      8038    8   38     19.49      5.48
   41      8044    8   44     16.92      3.55
   42      8059    8   59     14.27      5.93
   43      8075    8   75     13.28      4.25
   44      8093    8   93     16.03      6.66
   45      9003    9    3     18.59       3.5
   46      9050    9   50     13.98      3.44
   47      9082    9   82     12.99      6.12
   48     10048   10   48     12.61      1.74
   49     10078   10   78     19.43      9.04
   50     10092   10   92     16.07      2.54
   51     11001   11    1     14.74      2.83
   52     11015   11   15     15.53      7.39
   53     11030   11   30     16.03      7.01
   54     11070   11   70     10.21      3.98
   55     11075   11   75     13.72      2.27
   56     11082   11   82     12.83      4.52
   57     11090   11   90     15.02      9.89
   58     13005   13    5     11.42      4.21
   59     13022   13   22     13.76      7.21
   60     13025   13   25     15.21      8.08
   61     13027   13   27     14.13      3.46
   62     13034   13   34     10.21       7.3
   63     13051   13   51     12.98      4.34
   64     13096   13   96     15.79      8.64
   65     14008   14    8     14.29      2.45
   66     14010   14   10     15.45      6.64
   67     14033   14   33     18.93      1.21
   68     14044   14   44     19.37      5.03
   69     14063   14   63     15.83      3.77
   70     15021   15   21     10.69      6.83
   71     15030   15   30        15      8.67
   72     15032   15   32      16.1      4.88
   73     15058   15   58     13.87      5.38
   74     16004   16    4     15.44      8.01
   75     16007   16    7      14.4      2.77
   76     16020   16   20     10.11      9.84
   77     16067   16   67     10.08      8.74
   78     16073   16   73     11.74      6.99
   79     17014   17   14     12.46      2.92
   80     17040   17   40     16.46      3.14
   81     17062   17   62     19.86      6.94
   82     17082   17   82     12.94      1.41
   83     17085   17   85     19.27      8.42
   84     18005   18    5     11.28      8.06
   85     18041   18   41     19.88         5
   86     18042   18   42     16.16      6.23
   87     18052   18   52      15.9      5.17
   88     18056   18   56     12.04      8.14
   89     18097   18   97     13.29      5.87
   90     19037   19   37     14.15      3.93
   91     19067   19   67     13.38      3.78
   92     19073   19   73     12.98      3.85
   93     19076   19   76     11.74       2.8
   94     19078   19   78     16.35      6.26
   95     20004   20    4     11.93      6.06
   96     20052   20   52     12.01         1
   97     20064   20   64     13.05      2.64
   98     20079   20   79     10.21      8.67
   99     21006   21    6     19.89      4.61
  100     21036   21   36     19.28      2.65
  101     21047   21   47      15.3      2.79
  102     21048   21   48     13.52      4.55
  103     21065   21   65     19.09      1.23
  104     21070   21   70     13.27      5.66
  105     21094   21   94     19.23      1.14
  106     22000   22    0     17.39      5.07
  107     22005   22    5     11.35      3.48
  108     22014   22   14     10.95      8.39
  109     22030   22   30     17.97      3.95
  110     22086   22   86     11.33      1.98
  111     23034   23   34     13.95      1.98
  112     23038   23   38     14.97      4.18
  113     23054   23   54     10.49      2.67
  114     23081   23   81     10.93      7.51
  115     24002   24    2      12.8      4.15
  116     24034   24   34     14.51      2.84
  117     24056   24   56     19.46      6.88
  118     24068   24   68      12.3      4.13
  119     24082   24   82     14.91      6.65
  120     24086   24   86      16.7      4.87
  121     25031   25   31     17.38      2.74
  122     25060   25   60     10.53      2.54
  123     26008   26    8     11.83      6.66
  124     26017   26   17     14.09      5.51
  125     26022   26   22     19.35      2.86
  126     26030   26   30      16.2      6.91
  127     26034   26   34      19.4      8.67
  128     26042   26   42     18.84       7.2
  129     26056   26   56     12.76      2.42
  130     26069   26   69     17.92      8.99
  131     26097   26   97     19.19      5.02
  132     27019   27   19     11.68       7.2
  133     27026   27   26     17.26      5.63
  134     27029   27   29     16.33      3.97
  135     27037   27   37     15.46      3.13
  136     27048   27   48     13.79       3.5
  137     27068   27   68     15.69      3.75
  138     28001   28    1     12.93      4.38
  139     28018   28   18     15.97      2.68
  140     28067   28   67      14.5      6.09
  141     28075   28   75     16.94      6.92
  142     28092   28   92     13.69      3.99
  143     29001   29    1     15.02      9.22
  144     29025   29   25     14.88      2.51
  145     29033   29   33      10.4      8.49
  146     29095   29   95     19.46      2.44
  147     30002   30    2     19.12      8.26
  148     30005   30    5     16.55       8.5
  149     30012   30   12     14.02      5.21
  150     30047   30   47     14.94      7.98
  151     30054   30   54     19.02      4.72
  152     30061   30   61      15.6      1.99
  153     30080   30   80     19.55       7.8
  154     30089   30   89     18.54      3.11
  155     31015   31   15     19.87      5.94
  156     31016   31   16     16.56      3.81
  157     31021   31   21      11.1      9.33
  158     31044   31   44     18.75      1.58
  159     31060   31   60     17.66      4.38
  160     32003   32    3     16.06      3.06
  161     32032   32   32        15      3.88
  162     32048   32   48     12.43      3.42
  163     32087   32   87     15.38       1.4
  164     33010   33   10     13.11      9.43
  165     33027   33   27     17.83       5.8
  166     33029   33   29     12.51      9.84
  167     33036   33   36     15.22      6.82
  168     33044   33   44     13.13      6.93
  169     33048   33   48      18.4      8.69
  170     33072   33   72     11.65      7.71
  171     34003   34    3     18.37      5.45
  172     34021   34   21     16.08      2.94
  173     34029   34   29     14.45      1.72
  174     34040   34   40     11.66      3.02
  175     34097   34   97     14.39      6.11
  176     35008   35    8     16.06      3.29
  177     35034   35   34     17.25      1.52
  178     35038   35   38     14.34      4.43
  179     35046   35   46     18.47      3.78
  180     35055   35   55     10.12      3.47
  181     35081   35   81     10.99      8.72
  182     35098   35   98     19.68      4.99
  183     36034   36   34     15.05      2.17
  184     36076   36   76     16.19      8.48
  185     37001   37    1     14.19      5.79
  186     37017   37   17     14.98       1.4
  187     37074   37   74     10.68      8.21
  188     37076   37   76     11.95      9.83
  189     38005   38    5     12.89      9.93
  190     38008   38    8     14.22      8.05
  191     38046   38   46     10.87       6.3
  192     38048   38   48      14.6       2.8
  193     38073   38   73     10.75      6.53
  194     39051   39   51     15.74      3.07
  195     39053   39   53     18.32       7.2
  196     40004   40    4     16.77      6.54
  197     40020   40   20     10.67      4.12
  198     40028   40   28     18.61      7.16
  199     40076   40   76     15.25      8.76
  200     40078   40   78     16.43      8.32
  201     40092   40   92     18.41      8.98
  202     40094   40   94     18.73      2.97
  203     41011   41   11     16.58      5.96
  204     41031   41   31     16.69      5.26
  205     41038   41   38     16.18      2.91
  206     41066   41   66     10.78       2.1
  207     41089   41   89     12.63      4.85
  208     42005   42    5     16.42      6.24
  209     42009   42    9     19.81      9.59
  210     42042   42   42      13.9      2.32
  211     42067   42   67     16.83      4.33
  212     42073   42   73     18.84      4.13
  213     42080   42   80      10.9      8.79
  214     42096   42   96     19.91      9.82
  215     43022   43   22     14.72      6.09
  216     43084   43   84     11.76      1.53
  217     43099   43   99     16.97      9.29
  218     44016   44   16     15.27      2.95
  219     44022   44   22      15.3      7.44
  220     44050   44   50     19.29      4.86
  221     44072   44   72     11.64      2.31
  222     44084   44   84     19.58      5.46
  223     45018   45   18     13.65      6.11
  224     45021   45   21     12.02      7.47
  225     45052   45   52        14      1.29
  226     45067   45   67     18.35      7.21
  227     45072   45   72     15.94      2.25
  228     45078   45   78     19.27      5.71
  229     45099   45   99     18.39       3.9
  230     46031   46   31        18      1.76
  231     46037   46   37     19.65      9.61
  232     46043   46   43     14.61      6.69
  233     46051   46   51     10.28      7.48
  234     46089   46   89     17.01      9.97
  235     46097   46   97     10.88      5.91
  236     47008   47    8     10.84      6.53
  237     47015   47   15     17.43      5.29
  238     47046   47   46     16.48      3.37
  239     47050   47   50     14.03      3.94
  240     47060   47   60     13.69      7.67
  241     47069   47   69     11.84      6.82
  242     47072   47   72     19.28      6.99
  243     47091   47   91     19.31      6.23
  244     48002   48    2     19.41       9.7
  245     48003   48    3     13.96      5.91
  246     48006   48    6     17.01      8.02
  247     48009   48    9     19.36      6.02
  248     48053   48   53     11.43      3.88
  249     49008   49    8     11.83      8.64
  250     49017   49   17     19.39      5.29
  251     49046   49   46     17.91      7.63
  252     49089   49   89     17.43      6.02
  253     49092   49   92     11.79      3.04
  254     50005   50    5     17.75      8.58
  255     50038   50   38     19.45      2.21
  256     50052   50   52     10.72      9.22
  257     50061   50   61     10.15      6.72
  258     50080   50   80     18.43      4.14
  259     50085   50   85      10.8      5.13
  260     50092   50   92     15.09      1.39
  261     50093   50   93     10.55      6.21
  262     51035   51   35     17.69      7.98
  263     51037   51   37     19.45      2.35
  264     51055   51   55     10.59         1
  265     51096   51   96     19.71      3.35
  266     51097   51   97     18.97       9.2
  267     52059   52   59     15.11      3.21
  268     52062   52   62     14.27      4.61
  269     53004   53    4     13.73      1.37
  270     53019   53   19      19.3       7.3
  271     53056   53   56     11.09      6.64
  272     53058   53   58     14.45       6.5
  273     54032   54   32     13.52      2.45
  274     54048   54   48     16.78      7.18
  275     54068   54   68     17.14      6.35
  276     54076   54   76     17.93      5.95
  277     54092   54   92     19.46       2.3
  278     55001   55    1     15.75      9.77
  279     55016   55   16     17.95      3.41
  280     55020   55   20     12.27      8.51
  281     55023   55   23     17.64      2.51
  282     55052   55   52     17.06      6.16
  283     55098   55   98     18.03      8.53
  284     56021   56   21     14.59      6.85
  285     56058   56   58     11.12      8.41
  286     57028   57   28     11.05      4.26
  287     57072   57   72     12.88       4.1
  288     57076   57   76     18.67      7.33
  289     58019   58   19     17.46      5.95
  290     58038   58   38     18.33      7.26
  291     58043   58   43     19.68      9.27
  292     58064   58   64     14.27       3.2
  293     58079   58   79     13.35      3.77
  294     59079   59   79     17.84      1.38
  295     60020   60   20     13.57      4.89
  296     60027   60   27     12.09      8.12
  297     60041   60   41     14.81      8.99
  298     60063   60   63      11.7      3.92
  299     60092   60   92     10.11      6.21
  300     61020   61   20     11.67      5.66
  301     61034   61   34     18.54      8.42
  302     61038   61   38     14.14      1.39
  303     61047   61   47     18.14       2.1
  304     61079   61   79     12.65      5.87
  305     62003   62    3     12.63      8.44
  306     62044   62   44     15.19      8.89
  307     62045   62   45     15.68      2.37
  308     62048   62   48     18.22         4
  309     62057   62   57     19.45      4.95
  310     62065   62   65     17.17       1.6
  311     63047   63   47     17.95      8.29
  312     63049   63   49     14.39       4.4
  313     63053   63   53     13.85      4.33
  314     63055   63   55     19.39      3.56
  315     63057   63   57     12.93      1.84
  316     63061   63   61     11.43      3.36
  317     64001   64    1     17.19      1.65
  318     64013   64   13     18.73      3.31
  319     64014   64   14     17.08      6.52
  320     64016   64   16     15.24      4.79
  321     64032   64   32     11.92      2.94
  322     64047   64   47     16.18       6.2
  323     64060   64   60     16.43      9.46
  324     64081   64   81     16.41      2.82
  325     65009   65    9     17.94      9.52
  326     65011   65   11     15.79      8.72
  327     65028   65   28      18.1      9.09
  328     65031   65   31     18.59      4.88
  329     65035   65   35     18.74      5.74
  330     65055   65   55     19.39      3.91
  331     65099   65   99     15.64      6.25
  332     66021   66   21     14.34      7.35
  333     66050   66   50     14.76      6.67
  334     66055   66   55     12.28      3.34
  335     66058   66   58     17.41      4.57
  336     66061   66   61     10.92      5.39
  337     66071   66   71     11.63      1.13
  338     66083   66   83     11.55       3.3
  339     66089   66   89      14.3      1.49
  340     66091   66   91     15.45      3.89
  341     67007   67    7     13.69      5.27
  342     68037   68   37     13.58      9.94
  343     68050   68   50     11.68      7.08
  344     68057   68   57     10.79      4.89
  345     68060   68   60     14.61      9.72
  346     68088   68   88     18.48      3.86
  347     68093   68   93      17.9      4.61
  348     69014   69   14     11.04      1.11
  349     69028   69   28     12.78      7.81
  350     69044   69   44     13.02      4.93
  351     69064   69   64     12.71      3.84
  352     69098   69   98     11.12         1
  353     70005   70    5     13.49      1.19
  354     70006   70    6     19.36      5.03
  355     70046   70   46     18.46      3.04
  356     70051   70   51     17.31      4.03
  357     70079   70   79     17.48      6.51
  358     70099   70   99     15.98      1.57
  359     71000   71    0      13.6         2
  360     71019   71   19     17.86      9.54
  361     71027   71   27     13.88      5.55
  362     71035   71   35     18.49      2.37
  363     71043   71   43     19.51      1.08
  364     71050   71   50     19.69      8.05
  365     71058   71   58     10.74      5.26
  366     71088   71   88     16.47       4.7
  367     71098   71   98     14.58      4.24
  368     72003   72    3     11.19      5.22
  369     72008   72    8      15.5      9.02
  370     72011   72   11     11.94       7.9
  371     72019   72   19     16.53      2.48
  372     72080   72   80     10.77      5.94
  373     73020   73   20     13.33      5.45
  374     73024   73   24     10.13      4.98
  375     73026   73   26     10.88      2.88
  376     73034   73   34     16.16      3.36
  377     73040   73   40     19.05      9.07
  378     73043   73   43     14.19      6.06
  379     74025   74   25     16.21      5.61
  380     74028   74   28     15.06      3.65
  381     74039   74   39     14.74      3.05
  382     74042   74   42     18.33      3.37
  383     74060   74   60     12.55      4.96
  384     74079   74   79     12.32      6.26
  385     74081   74   81     19.66      7.28
  386     75000   75    0     14.03      2.01
  387     75002   75    2     19.94      9.68
  388     75021   75   21     11.42      5.45
  389     75029   75   29     19.19      1.57
  390     75065   75   65     12.15      6.53
  391     76004   76    4     11.57      8.77
  392     76062   76   62     14.53       2.3
  393     76065   76   65     18.59      6.85
  394     76074   76   74     12.12      4.53
  395     76090   76   90     18.85      9.45
  396     77005   77    5     10.88      4.41
  397     77017   77   17     10.78       1.1
  398     77041   77   41     18.35      9.34
  399     77050   77   50     18.85      9.44
  400     77058   77   58     13.44      2.82
  401     77062   77   62     12.13      2.76
  402     77064   77   64     12.06      6.65
  403     77096   77   96     17.74      8.25
  404     77098   77   98     14.45      1.08
  405     77099   77   99     11.34      1.35
  406     78023   78   23     15.14      2.09
  407     78027   78   27     17.39      7.79
  408     78029   78   29     19.57      2.66
  409     78030   78   30     13.77      3.91
  410     78038   78   38     17.91       5.4
  411     78043   78   43     10.96       4.3
  412     78044   78   44     16.18      6.19
  413     78052   78   52     13.62      9.92
  414     78066   78   66     15.96      9.41
  415     78088   78   88     15.25      4.57
  416     79004   79    4     16.76       3.2
  417     79029   79   29     19.54      4.81
  418     79087   79   87     19.46      8.02
  419     79092   79   92     15.16       2.5
  420     79096   79   96     10.16      5.31
  421     81016   81   16     18.25      4.17
  422     81022   81   22     16.78      1.88
  423     81046   81   46     18.08      2.31
  424     81063   81   63     16.67      5.75
  425     82010   82   10     15.94      2.02
  426     82061   82   61     15.36      7.86
  427     82084   82   84     19.32      3.71
  428     82096   82   96     18.46      1.21
  429     83005   83    5     12.76         8
  430     83034   83   34     17.65      6.75
  431     83036   83   36        14      9.03
  432     83052   83   52     15.28      4.31
  433     83055   83   55      14.6      6.31
  434     83083   83   83      12.2      6.85
  435     83086   83   86     18.88      6.18
  436     84054   84   54        18      1.98
  437     84077   84   77     19.44      6.03
  438     85011   85   11     15.49      6.03
  439     85026   85   26     16.99       9.4
  440     85061   85   61     19.44       9.1
  441     85062   85   62     12.13       2.6
  442     85064   85   64     17.65      9.76
  443     85087   85   87     12.77      4.65
  444     86091   86   91     18.27      9.55
  445     87005   87    5     11.23      4.02
  446     87009   87    9     18.14      6.31
  447     87015   87   15     15.76       3.8
  448     87050   87   50     15.68      8.05
  449     87054   87   54     16.67      6.95
  450     88001   88    1     18.87      5.72
  451     88018   88   18     10.91      6.33
  452     89012   89   12      12.6      2.97
  453     89061   89   61     13.64      9.36
  454     89083   89   83     14.07      6.61
  455     89090   89   90      16.2      3.65
  456     89092   89   92     17.52       6.4
  457     90081   90   81     18.59       1.8
  458     90089   90   89     17.74      1.69
  459     90090   90   90     15.73      5.71
  460     90094   90   94     17.75      3.84
  461     90095   90   95     10.44      9.75
  462     91017   91   17     16.31      2.11
  463     91042   91   42     11.85      6.45
  464     91074   91   74     17.42      3.74
  465     91090   91   90     12.45      8.85
  466     92047   92   47     18.83      9.36
  467     92071   92   71     11.81      6.38
  468     93003   93    3      15.6      7.58
  469     93055   93   55     15.17      3.67
  470     93061   93   61     14.41      1.94
  471     93094   93   94     11.11      8.15
  472     94012   94   12     12.85      7.62
  473     94016   94   16     14.82      9.89
  474     94023   94   23      13.3      6.98
  475     94051   94   51      10.2      2.06
  476     94063   94   63     17.62      7.82
  477     94064   94   64     10.16      4.61
  478     94099   94   99     18.77      7.49
  479     95025   95   25     14.39      8.82
  480     95081   95   81     18.53      3.67
  481     95092   95   92     12.93      7.92
  482     96023   96   23     17.92      3.93
  483     97018   97   18     16.71      1.99
  484     97020   97   20     16.52       9.1
  485     97052   97   52     19.44      8.83
  486     97064   97   64     12.77         6
  487     98005   98    5     11.42      1.38
  488     98009   98    9     13.52      1.24
  489     98019   98   19     15.04      3.74
  490     98089   98   89      15.6      7.76
  491     98090   98   90      11.6      3.28
  492     99013   99   13     11.07      4.84
  493     99024   99   24     13.54      3.12
  494     99081   99   81     12.49      7.06


   0   6  66  83
   1  34  83  97
   2  26  43  50  53
   3  10  29  33  34  35  50  52  82  87  96
   4   8  42  44  47  49  59  65  69  70
   5   7  11  85
   6  18  24  40  65  77
   7   8  55
   8   1  38  44  59  75  93
   9   3  50  82
  10  48  78  92
  11   1  15  30  70  75  82  90
  13   5  22  25  27  34  51  96
  14   8  10  33  44  63
  15  21  30  32  58
  16   4   7  20  67  73
  17  14  40  62  82  85
  18   5  41  42  52  56  97
  19  37  67  73  76  78
  20   4  52  64  79
  21   6  36  47  48  65  70  94
  22   0   5  14  30  86
  23  34  38  54  81
  24   2  34  56  68  82  86
  25  31  60
  26   8  17  22  30  34  42  56  69  97
  27  19  26  29  37  48  68
  28   1  18  67  75  92
  29   1  25  33  95
  30   2   5  12  47  54  61  80  89
  31  15  16  21  44  60
  32   3  32  48  87
  33  10  27  29  36  44  48  72
  34   3  21  29  40  97
  35   8  34  38  46  55  81  98
  36  34  76
  37   1  17  74  76
  38   5   8  46  48  73
  39  51  53
  40   4  20  28  76  78  92  94
  41  11  31  38  66  89
  42   5   9  42  67  73  80  96
  43  22  84  99
  44  16  22  50  72  84
  45  18  21  52  67  72  78  99
  46  31  37  43  51  89  97
  47   8  15  46  50  60  69  72  91
  48   2   3   6   9  53
  49   8  17  46  89  92
  50   5  38  52  61  80  85  92  93
  51  35  37  55  96  97
  52  59  62
  53   4  19  56  58
  54  32  48  68  76  92
  55   1  16  20  23  52  98
  56  21  58
  57  28  72  76
  58  19  38  43  64  79
  59  79
  60  20  27  41  63  92
  61  20  34  38  47  79
  62   3  44  45  48  57  65
  63  47  49  53  55  57  61
  64   1  13  14  16  32  47  60  81
  65   9  11  28  31  35  55  99
  66  21  50  55  58  61  71  83  89  91
  67   7
  68  37  50  57  60  88  93
  69  14  28  44  64  98
  70   5   6  46  51  79  99
  71   0  19  27  35  43  50  58  88  98
  72   3   8  11  19  80
  73  20  24  26  34  40  43
  74  25  28  39  42  60  79  81
  75   0   2  21  29  65
  76   4  62  65  74  90
  77   5  17  41  50  58  62  64  96  98  99
  78  23  27  29  30  38  43  44  52  66  88
  79   4  29  87  92  96
  81  16  22  46  63
  82  10  61  84  96
  83   5  34  36  52  55  83  86
  84  54  77
  85  11  26  61  62  64  87
  86  91
  87   5   9  15  50  54
  88   1  18
  89  12  61  83  90  92
  90  81  89  90  94  95
  91  17  42  74  90
  92  47  71
  93   3  55  61  94
  94  12  16  23  51  63  64  99
  95  25  81  92
  96  23
  97  18  20  52  64
  98   5   9  19  89  90
  99  13  24  81
