Nodes:  100
Narcs:  495
Snode:  26
Enode:  88
    0         2    0    2     17.98      8.57
    1        10    0   10     13.95      5.12
    2        44    0   44     10.85      2.88
    3        48    0   48     19.22       4.6
    4        52    0   52      11.3      3.21
    5        64    0   64     14.98      1.35
    6        94    0   94     15.06      1.03
    7        95    0   95      18.1      5.04
    8      1021    1   21     10.64      2.87
    9      1052    1   52     15.59      4.18
   10      1056    1   56     11.75      6.44
   11      1061    1   61     18.29      1.57
   12      1077    1   77     16.16      3.59
   13      1083    1   83     19.19      2.64
   14      1086    1   86     12.43      3.54
   15      1090    1   90      16.3       9.2
   16      2034    2   34     14.88      3.94
   17      2036    2   36     15.56       8.7
   18      2068    2   68     11.24       1.3
   19      2075    2   75      16.2       3.9
   20      2092    2   92     15.25      3.75
   21      2099    2   99     18.99      9.17
   22      3015    3   15      14.9      2.23
   23      3016    3   16     17.31       7.4
   24      3033    3   33     10.69      6.89
   25      3041    3   41     15.07      6.87
   26      3079    3   79     18.05      8.83
   27      3098    3   98      14.7      1.02
   28      4017    4   17     16.44      8.84
   29      4018    4   18     15.01      2.04
   30      4027    4   27     18.98      8.99
   31      4044    4   44     13.36      9.75
   32      4066    4   66     18.21      3.16
   33      4077    4   77     14.14      5.03
   34      5046    5   46     11.75      3.14
   35      5057    5   57     10.51      8.93
   36      5062    5   62     16.79      4.66
   37      5081    5   81     11.42      3.82
   38      6053    6   53     11.98      2.25
   39      6068    6   68     15.66      9.16
   40      7008    7    8     19.06      1.24
   41      7023    7   23     10.29      9.83
   42      7025    7   25      10.6      1.21
   43      7026    7   26     11.59      6.07
   44      7036    7   36     10.87      6.71
   45      7061    7   61     10.71      7.54
   46      7085    7   85      12.4      4.02
   47      7086    7   86     19.36      7.72
   48      7092    7   92     11.16      7.15
   49      7099    7   99     17.51      2.45
   50      8005    8    5     12.91      7.29
   51      8021    8   21     16.38      2.67
   52      8036    8   36      16.2      8.77
   53      8054    8   54     17.83      7.17
   54      8067    8   67     12.09      6.91
   55      8089    8   89      16.5      9.45
   56      8094    8   94     10.55      6.25
   57      9020    9   20     10.08      8.69
   58      9021    9   21     10.94      8.83
   59      9024    9   24     19.45      8.31
   60      9028    9   28      16.1      8.22
   61      9029    9   29     13.36      5.47
   62      9037    9   37     10.92         5
   63      9069    9   69     14.72      8.01
   64      9072    9   72     12.78      2.08
   65      9079    9   79     18.24      9.98
   66     10011   10   11        11      9.97
   67     10016   10   16     17.38       7.3
   68     10040   10   40        16      9.46
   69     10055   10   55     12.91      6.52
   70     10084   10   84     13.52      1.51
   71     11007   11    7     10.93      7.12
   72     11017   11   17     17.21      3.92
   73     11040   11   40     17.14      8.79
   74     11062   11   62     13.83      9.32
   75     11065   11   65     15.21      9.46
   76     11072   11   72     18.71      8.04
   77     11085   11   85     18.19      9.43
   78     12020   12   20     14.48         9
   79     12065   12   65     19.92      5.86
   80     13014   13   14     15.38      9.94
   81     13021   13   21     14.92      5.08
   82     13042   13   42     11.75      8.51
   83     13090   13   90      15.8      9.59
   84     13097   13   97     15.89      6.43
   85     14006   14    6     18.72      1.96
   86     14022   14   22      14.9      7.71
   87     14027   14   27     11.85      3.41
   88     14035   14   35      15.2      7.53
   89     14055   14   55      13.7      4.95
   90     14057   14   57     19.22      5.84
   91     14083   14   83     10.06      9.99
   92     15040   15   40     13.47      5.64
   93     15045   15   45     10.29      6.58
   94     15050   15   50     15.83       3.9
   95     16003   16    3     10.52      3.13
   96     16014   16   14     12.05       2.2
   97     16025   16   25     13.51      2.47
   98     16045   16   45     19.76      8.36
   99     16080   16   80     18.22      2.65
  100     16086   16   86     11.78      3.65
  101     17003   17    3     16.81      2.52
  102     17040   17   40     12.92      4.04
  103     18007   18    7     18.89      3.23
  104     18036   18   36     17.35      6.35
  105     18037   18   37     14.72      6.58
  106     18052   18   52      15.2         2
  107     18058   18   58     19.81      5.64
  108     18080   18   80     14.08         7
  109     19020   19   20     11.55      7.58
  110     19047   19   47     14.02      2.51
  111     19064   19   64     10.02      2.08
  112     19069   19   69     16.36      7.83
  113     19076   19   76     12.77      7.83
  114     19093   19   93     11.48      5.38
  115     19096   19   96     10.63      6.33
  116     20052   20   52     14.56      9.12
  117     20059   20   59     13.82      3.81
  118     20092   20   92     14.65      5.53
  119     20097   20   97     12.26      3.87
  120     21002   21    2     14.53      8.15
  121     21040   21   40     17.52      2.04
  122     21061   21   61     17.51      4.02
  123     21070   21   70     17.55      8.69
  124     21072   21   72     17.35      5.12
  125     21084   21   84      18.6      4.07
  126     22012   22   12     12.67      8.05
  127     22029   22   29     14.03      1.73
  128     22037   22   37     14.96      4.69
  129     23002   23    2     14.76      7.54
  130     23009   23    9     14.54      2.35
  131     23013   23   13     14.89      2.39
  132     23074   23   74     10.14      7.72
  133     23086   23   86     11.13      7.67
  134     24080   24   80     17.09      2.83
  135     25064   25   64     14.06      1.71
  136     26002   26    2      14.5      9.69
  137     26015   26   15     14.54      1.59
  138     26017   26   17     10.41      3.75
  139     26020   26   20     19.43      7.09
  140     26053   26   53     15.54      5.33
  141     26077   26   77     17.13      1.66
  142     26079   26   79     19.61      2.47
  143     27000   27    0     10.28      2.96
  144     27008   27    8     17.45      8.09
  145     27012   27   12     16.45      8.77
  146     27032   27   32     15.79      8.75
  147     27044   27   44     17.83      8.45
  148     28013   28   13     10.18      6.59
  149     28029   28   29     10.77      2.48
  150     28074   28   74     10.29      2.31
  151     29021   29   21     19.65      8.06
  152     29030   29   30     11.49      6.89
  153     29042   29   42     14.16      4.37
  154     29061   29   61     10.78      1.67
  155     29081   29   81     15.39      1.72
  156     29090   29   90     17.71      7.64
  157     29096   29   96     18.26         7
  158     30008   30    8     17.94      9.78
  159     30042   30   42     13.11      9.92
  160     30074   30   74     13.19      3.92
  161     30076   30   76     14.55      8.65
  162     30084   30   84     13.25      7.84
  163     30085   30   85     15.69      8.77
  164     31019   31   19     19.29      3.48
  165     31021   31   21     17.41       6.5
  166     31067   31   67     12.26      7.89
  167     31073   31   73     10.68      4.07
  168     32004   32    4     11.93       6.2
  169     32010   32   10     18.58      6.36
  170     32051   32   51     14.69      5.86
  171     32067   32   67     14.13      8.01
  172     32069   32   69        17      3.87
  173     32091   32   91     15.29      6.81
  174     33007   33    7     16.65      3.64
  175     33027   33   27     18.87      7.05
  176     33047   33   47     19.29      4.91
  177     33093   33   93     14.25      9.33
  178     33098   33   98      12.2      3.58
  179     33099   33   99     12.07      1.39
  180     34001   34    1     11.93      8.09
  181     34015   34   15     11.52      1.87
  182     34030   34   30     11.29       7.1
  183     34056   34   56     19.24      2.68
  184     34057   34   57     11.11      4.52
  185     34069   34   69     16.59      9.94
  186     34082   34   82     18.13       2.6
  187     34087   34   87     18.01      2.01
  188     35004   35    4     16.81      8.98
  189     35006   35    6     19.67      1.66
  190     35017   35   17     13.06       7.1
  191     35029   35   29     11.16      4.36
  192     35072   35   72     18.24      4.91
  193     35085   35   85     15.43      1.23
  194     36001   36    1     12.88      5.48
  195     36004   36    4     13.14       7.4
  196     36020   36   20     13.29      9.64
  197     36043   36   43      12.8      4.82
  198     36066   36   66     19.18      7.73
  199     37023   37   23     19.69      9.36
  200     37045   37   45     14.17      9.52
  201     37085   37   85     14.35       3.5
  202     37089   37   89     16.96      3.38
  203     38032   38   32     18.93      4.49
  204     38036   38   36     17.87      6.47
  205     39028   39   28     12.96      5.55
  206     39029   39   29     14.28      6.71
  207     39043   39   43     19.63       7.6
  208     39046   39   46     13.83      6.99
  209     39053   39   53     19.57      4.71
  210     39058   39   58      13.7      8.03
  211     39095   39   95        12      7.77
  212     39097   39   97     19.47      7.08
  213     40061   40   61     11.42      9.42
  214     40076   40   76     19.89      1.86
  215     40084   40   84     13.26      3.92
  216     41012   41   12     18.27      9.55
  217     41019   41   19     13.89      6.93
  218     41061   41   61     17.83      1.19
  219     42001   42    1     18.59      3.04
  220     42076   42   76     14.99      9.08
  221     43004   43    4     13.94      6.28
  222     43008   43    8     10.16      7.28
  223     43050   43   50     13.39      6.39
  224     43066   43   66     17.14      3.05
  225     44030   44   30     18.21      4.17
  226     44040   44   40     15.85      5.24
  227     44041   44   41     15.96      5.54
  228     44044   44   44     15.11      2.56
  229     44053   44   53     16.58      6.76
  230     45003   45    3      11.6      3.55
  231     45041   45   41     16.12      2.63
  232     46007   46    7     15.35      6.95
  233     46012   46   12     12.65      3.29
  234     46022   46   22     10.82      9.04
  235     46032   46   32     10.44      1.71
  236     46063   46   63     15.92      3.41
  237     46085   46   85     10.38         6
  238     47018   47   18     18.02       5.4
  239     47043   47   43     14.37      8.15
  240     47065   47   65     11.65      5.08
  241     47082   47   82     19.72      9.75
  242     48007   48    7     18.13      3.55
  243     48047   48   47     14.58      6.22
  244     48049   48   49     15.78       1.5
  245     48063   48   63     10.73      8.01
  246     48070   48   70     15.31      9.26
  247     48076   48   76     15.03       4.6
  248     48084   48   84     17.13      7.08
  249     48085   48   85     13.41      1.32
  250     49028   49   28     12.79      9.28
  251     49056   49   56     15.12      7.03
  252     49087   49   87     10.46      5.87
  253     49089   49   89     18.39      4.38
  254     49090   49   90     15.68      8.32
  255     50015   50   15     10.07      7.73
  256     50054   50   54     12.93      8.27
  257     50090   50   90     18.74      6.05
  258     50098   50   98      13.6      4.16
  259     51057   51   57     12.71         6
  260     51076   51   76     10.22      1.74
  261     52027   52   27     16.66       2.2
  262     52059   52   59     13.17      4.02
  263     52085   52   85     18.02      5.91
  264     53003   53    3     17.68      5.35
  265     53010   53   10     15.97      7.46
  266     53057   53   57     12.61      5.16
  267     53061   53   61     18.86      8.94
  268     53084   53   84     11.39       2.5
  269     53090   53   90     14.98      5.46
  270     54041   54   41     15.88      3.11
  271     54076   54   76      18.8      7.51
  272     54088   54   88     12.94      7.43
  273     55022   55   22      14.9      2.27
  274     55030   55   30     19.52       6.4
  275     55044   55   44     19.87      8.73
  276     55062   55   62     18.58      2.24
  277     56012   56   12     17.98      6.73
  278     56028   56   28      13.2      3.79
  279     57008   57    8     18.23       5.1
  280     57013   57   13     17.13      3.03
  281     57020   57   20     19.35      6.41
  282     57031   57   31        17      3.07
  283     57053   57   53     15.26      1.17
  284     58007   58    7     12.26       9.3
  285     58011   58   11     18.47      6.58
  286     58016   58   16     15.75      8.46
  287     58019   58   19     11.09      5.63
  288     58031   58   31     18.07      4.18
  289     58098   58   98     16.61      1.12
  290     59023   59   23     15.63       2.5
  291     59028   59   28     14.24      4.64
  292     59032   59   32     13.41      4.01
  293     59053   59   53     11.79      2.46
  294     60017   60   17      17.6      7.99
  295     60029   60   29     16.81      7.82
  296     60044   60   44     17.82      4.35
  297     60048   60   48     17.95      5.49
  298     60053   60   53     10.77      6.51
  299     60069   60   69     11.82      6.53
  300     60091   60   91     11.85      5.83
  301     61004   61    4     15.99       3.7
  302     61010   61   10     16.55      9.28
  303     61036   61   36     12.18      8.88
  304     61041   61   41     12.84      1.97
  305     61066   61   66     12.73      2.44
  306     61068   61   68     13.66      5.02
  307     62018   62   18      15.9      4.27
  308     62037   62   37     10.43      1.61
  309     62049   62   49     10.53      2.05
  310     62085   62   85     14.21      6.55
  311     62094   62   94     18.79      4.75
  312     63033   63   33     18.46      9.36
  313     63053   63   53     15.73      6.96
  314     63054   63   54     17.06      1.16
  315     63063   63   63     17.02      1.74
  316     63071   63   71      15.7      1.71
  317     64020   64   20     18.63      2.21
  318     64029   64   29     13.68      7.87
  319     64043   64   43     18.87      3.22
  320     64053   64   53     14.18      3.79
  321     64087   64   87     16.28      1.01
  322     65040   65   40      15.5       3.6
  323     65044   65   44     11.84      8.87
  324     65093   65   93     10.52      6.89
  325     66009   66    9     10.14      3.47
  326     66011   66   11     18.62      3.27
  327     66034   66   34     18.42      1.55
  328     66082   66   82     11.18      3.38
  329     66084   66   84      11.9      4.31
  330     66091   66   91     13.62      8.98
  331     66095   66   95     10.26       7.3
  332     67039   67   39     19.17      1.21
  333     68024   68   24     10.83      5.79
  334     68033   68   33     13.14      9.91
  335     68059   68   59      17.9      5.01
  336     68060   68   60     18.88      9.76
  337     69003   69    3     15.98      2.26
  338     69032   69   32     10.42      1.54
  339     69069   69   69        10      4.14
  340     69078   69   78     11.59      9.42
  341     70007   70    7     18.41       4.3
  342     70036   70   36      14.7       4.4
  343     70081   70   81     13.78       9.9
  344     70085   70   85      16.5      3.69
  345     70088   70   88     10.73      9.94
  346     70095   70   95     13.93      9.32
  347     71031   71   31     12.92      3.73
  348     71039   71   39     19.76      2.85
  349     71071   71   71     10.98       2.8
  350     71078   71   78     18.27      8.73
  351     71092   71   92     11.82      1.21
  352     71099   71   99     17.98      1.89
  353     72031   72   31     14.56      8.16
  354     72049   72   49     15.34      3.86
  355     72086   72   86     12.99      8.59
  356     72089   72   89      19.3      4.24
  357     72099   72   99     18.28      6.62
  358     73006   73    6     10.76      5.18
  359     73039   73   39     18.59      1.22
  360     73066   73   66     19.28      7.53
  361     73071   73   71     13.01      8.03
  362     73076   73   76     12.56      8.11
  363     73089   73   89     14.64      5.42
  364     74016   74   16      16.9       6.8
  365     74025   74   25      16.4      2.42
  366     74026   74   26     17.51      2.29
  367     74030   74   30     11.55      2.85
  368     74043   74   43     19.16      8.07
  369     75036   75   36     17.49      9.09
  370     75059   75   59     15.87      5.04
  371     75069   75   69     17.21      6.26
  372     76009   76    9     18.81      1.15
  373     76025   76   25     18.08      6.58
  374     76028   76   28     11.92      4.16
  375     76038   76   38     15.61      2.53
  376     76055   76   55     17.88      7.57
  377     76059   76   59     11.09      6.67
  378     76096   76   96     16.95      3.78
  379     76099   76   99     13.52      6.07
  380     77019   77   19     17.44      5.34
  381     77031   77   31     18.48      7.15
  382     77035   77   35     14.59      9.92
  383     77065   77   65     19.14      9.75
  384     77075   77   75     11.36      2.29
  385     77087   77   87     13.32      2.11
  386     77088   77   88     10.25      8.17
  387     78016   78   16     18.54      2.75
  388     78071   78   71     14.73      8.87
  389     78089   78   89     11.71      2.83
  390     78092   78   92     17.05      6.11
  391     79010   79   10     16.69      8.39
  392     79015   79   15     16.48      7.68
  393     79021   79   21     15.84      7.89
  394     79057   79   57     12.28      1.12
  395     79072   79   72     13.24      5.18
  396     80017   80   17     17.18      5.25
  397     80036   80   36     14.65      4.57
  398     80078   80   78     11.01      1.37
  399     80079   80   79     18.16      9.93
  400     80089   80   89     11.02       8.4
  401     80098   80   98     10.01      7.97
  402     81012   81   12        14      1.53
  403     81028   81   28     18.28      2.21
  404     81029   81   29     12.63      8.73
  405     81068   81   68      14.2       5.1
  406     81075   81   75     17.47      6.63
  407     81079   81   79     10.44       1.1
  408     81084   81   84     16.77       4.1
  409     82007   82    7     18.16      7.45
  410     82016   82   16      16.6      9.38
  411     82028   82   28     17.03      1.37
  412     82042   82   42     18.35      5.35
  413     82065   82   65      16.9      9.26
  414     82072   82   72     13.45      2.59
  415     82090   82   90     13.68       3.2
  416     82096   82   96     19.63      6.71
  417     83007   83    7     12.41      5.71
  418     83025   83   25     12.27      5.95
  419     83027   83   27     11.94      6.47
  420     83054   83   54     17.07      8.44
  421     83058   83   58      11.9      6.03
  422     83065   83   65     12.75      4.82
  423     84004   84    4     17.13      7.74
  424     84018   84   18     12.91      3.64
  425     84040   84   40     10.09      8.79
  426     84047   84   47     16.52      2.95
  427     84061   84   61     10.39      8.72
  428     85025   85   25     10.13      9.86
  429     85049   85   49     14.03       9.7
  430     85050   85   50     11.01      8.61
  431     85063   85   63     10.54      6.11
  432     85099   85   99     15.48      6.39
  433     86001   86    1     10.59      3.75
  434     86064   86   64     17.07      7.66
  435     86088   86   88     19.24         9
  436     87010   87   10     11.34      2.04
  437     87081   87   81     16.86      4.56
  438     88006   88    6     13.75      4.14
  439     88031   88   31     14.83      5.78
  440     88051   88   51     10.94      3.42
  441     88056   88   56     12.33      7.86
  442     88063   88   63      13.1      2.59
  443     88070   88   70     17.86      9.55
  444     89001   89    1     10.31       6.9
  445     89010   89   10      13.7      6.97
  446     89066   89   66     18.12      3.78
  447     89095   89   95     14.51      3.64
  448     90017   90   17     13.48      7.37
  449     90022   90   22     12.59      3.96
  450     90031   90   31      16.4      2.19
  451     90064   90   64     11.15      5.29
  452     90081   90   81      11.6      2.67
  453     91014   91   14     14.18      1.75
  454     91015   91   15     19.46      2.19
  455     91037   91   37      16.9      7.45
  456     91053   91   53     13.48      1.58
  457     91054   91   54      13.6      9.66
  458     91067   91   67     12.47      9.59
  459     91086   91   86     14.69      7.36
  460     91089   91   89     13.64      4.17
  461     91093   91   93     16.68      8.61
  462     92004   92    4     13.57      4.38
  463     92020   92   20     16.98      3.41
  464     92023   92   23     12.56      8.67
  465     92038   92   38     10.02      7.01
  466     92050   92   50     15.79      7.68
  467     92069   92   69     10.27      7.92
  468     92088   92   88     18.92      9.31
  469     94021   94   21      11.3      6.62
  470     94023   94   23      15.8      4.44
  471     94027   94   27      11.2      7.37
  472     94066   94   66     10.84      2.46
  473     94070   94   70     16.87      8.46
  474     95004   95    4     17.34      2.14
  475     95018   95   18      19.1       2.6
  476     95035   95   35     14.32      5.25
  477     95041   95   41     15.71      1.07
  478     95062   95   62     16.99      4.19
  479     96067   96   67     17.14      4.03
  480     96085   96   85     15.46      7.28
  481     96096   96   96     13.97      2.82
  482     97008   97    8     11.88      3.57
  483     97040   97   40     17.21      7.03
  484     97047   97   47      10.5      7.97
  485     97055   97   55     10.86      5.41
  486     97063   97   63     16.72      4.24
  487     97077   97   77      15.7      9.57
  488     97088   97   88     17.19       3.9
  489     98046   98   46     10.33      5.21
  490     98057   98   57     15.54      3.73
  491     99040   99   40     13.43      1.81
  492     99081   99   81     10.12      3.84
  493     99092   99   92     18.19      5.23
  494     99093   99   93     16.48      5.86


   0   2  10  44  48  52  64  94  95
   1  21  52  56  61  77  83  86  90
   2  34  36  68  75  92  99
   3  15  16  33  41  79  98
   4  17  18  27  44  66  77
   5  46  57  62  81
   6  53  68
   7   8  23  25  26  36  61  85  86  92  99
   8   5  21  36  54  67  89  94
   9  20  21  24  28  29  37  69  72  79
  10  11  16  40  55  84
  11   7  17  40  62  65  72  85
  12  20  65
  13  14  21  42  90  97
  14   6  22  27  35  55  57  83
  15  40  45  50
  16   3  14  25  45  80  86
  17   3  40
  18   7  36  37  52  58  80
  19  20  47  64  69  76  93  96
  20  52  59  92  97
  21   2  40  61  70  72  84
  22  12  29  37
  23   2   9  13  74  86
  24  80
  25  64
  26   2  15  17  20  53  77  79
  27   0   8  12  32  44
  28  13  29  74
  29  21  30  42  61  81  90  96
  30   8  42  74  76  84  85
  31  19  21  67  73
  32   4  10  51  67  69  91
  33   7  27  47  93  98  99
  34   1  15  30  56  57  69  82  87
  35   4   6  17  29  72  85
  36   1   4  20  43  66
  37  23  45  85  89
  38  32  36
  39  28  29  43  46  53  58  95  97
  40  61  76  84
  41  12  19  61
  42   1  76
  43   4   8  50  66
  44  30  40  41  44  53
  45   3  41
  46   7  12  22  32  63  85
  47  18  43  65  82
  48   7  47  49  63  70  76  84  85
  49  28  56  87  89  90
  50  15  54  90  98
  51  57  76
  52  27  59  85
  53   3  10  57  61  84  90
  54  41  76  88
  55  22  30  44  62
  56  12  28
  57   8  13  20  31  53
  58   7  11  16  19  31  98
  59  23  28  32  53
  60  17  29  44  48  53  69  91
  61   4  10  36  41  66  68
  62  18  37  49  85  94
  63  33  53  54  63  71
  64  20  29  43  53  87
  65  40  44  93
  66   9  11  34  82  84  91  95
  67  39
  68  24  33  59  60
  69   3  32  69  78
  70   7  36  81  85  88  95
  71  31  39  71  78  92  99
  72  31  49  86  89  99
  73   6  39  66  71  76  89
  74  16  25  26  30  43
  75  36  59  69
  76   9  25  28  38  55  59  96  99
  77  19  31  35  65  75  87  88
  78  16  71  89  92
  79  10  15  21  57  72
  80  17  36  78  79  89  98
  81  12  28  29  68  75  79  84
  82   7  16  28  42  65  72  90  96
  83   7  25  27  54  58  65
  84   4  18  40  47  61
  85  25  49  50  63  99
  86   1  64  88
  87  10  81
  88   6  31  51  56  63  70
  89   1  10  66  95
  90  17  22  31  64  81
  91  14  15  37  53  54  67  86  89  93
  92   4  20  23  38  50  69  88
  94  21  23  27  66  70
  95   4  18  35  41  62
  96  67  85  96
  97   8  40  47  55  63  77  88
  98  46  57
  99  40  81  92  93
