Nodes:  100
Narcs:  495
Snode:  98
Enode:  97
    0        41    0   41     19.39      2.19
    1      1053    1   53     15.16      5.39
    2      1056    1   56     11.41      8.46
    3      1057    1   57     19.06      4.15
    4      1060    1   60     16.58      6.15
    5      1084    1   84     11.57      1.46
    6      2054    2   54     12.78       8.3
    7      2056    2   56     11.06      3.92
    8      2079    2   79     13.69      8.11
    9      2099    2   99     19.96      1.74
   10      3005    3    5     18.73      2.22
   11      3023    3   23     15.86      6.61
   12      3038    3   38      10.6      8.77
   13      3075    3   75     16.26      7.68
   14      3092    3   92      17.7       7.3
   15      4009    4    9     13.01      6.72
   16      4035    4   35     19.12      6.09
   17      4047    4   47     18.56      3.11
   18      4065    4   65     13.93      9.05
   19      4081    4   81     18.99      2.55
   20      4082    4   82     11.51      8.07
   21      5000    5    0     13.65      2.34
   22      5051    5   51     14.53      5.25
   23      5090    5   90      11.5      7.79
   24      6007    6    7     14.41      4.26
   25      6011    6   11     19.22      8.55
   26      6032    6   32     16.97      7.98
   27      6051    6   51     17.09      2.13
   28      6055    6   55      16.6      7.92
   29      6059    6   59     10.66      9.24
   30      6068    6   68     19.92      4.47
   31      6074    6   74     18.66      6.84
   32      6093    6   93     13.24      8.03
   33      7000    7    0     11.47      5.82
   34      7011    7   11     16.59      8.38
   35      7029    7   29      11.1      8.79
   36      7031    7   31     13.19      6.24
   37      7037    7   37     12.14      3.69
   38      7073    7   73     17.27      6.07
   39      7093    7   93     10.34      3.83
   40      8016    8   16     18.35      9.07
   41      8045    8   45     18.94      7.22
   42      8087    8   87      19.1      3.71
   43      9009    9    9     12.24      5.68
   44      9087    9   87     19.71      8.87
   45     10001   10    1     16.96      1.13
   46     10022   10   22     17.22      4.77
   47     10033   10   33     19.35      9.07
   48     10059   10   59      19.5      7.86
   49     10062   10   62     15.85      8.64
   50     10063   10   63     14.85      9.34
   51     11018   11   18     16.44       1.3
   52     11066   11   66     19.68      7.83
   53     11078   11   78     13.92      1.73
   54     11084   11   84     11.44      8.98
   55     11097   11   97     10.12      9.35
   56     12013   12   13     18.37      5.59
   57     12030   12   30     14.83      2.79
   58     12041   12   41     16.01      5.87
   59     12049   12   49     14.25      5.02
   60     12054   12   54     19.17      3.78
   61     12062   12   62      15.8      9.17
   62     13019   13   19     19.34      1.03
   63     13078   13   78      10.7      9.86
   64     14006   14    6     17.51         9
   65     14029   14   29     16.51      3.31
   66     14035   14   35     16.08      6.55
   67     14069   14   69     11.55      2.47
   68     14084   14   84     12.19      9.66
   69     14091   14   91     13.56       9.1
   70     15011   15   11     16.07       6.9
   71     15012   15   12     10.68         8
   72     15026   15   26     11.69      6.21
   73     15054   15   54     13.23       6.8
   74     15055   15   55     19.79      3.81
   75     15071   15   71     18.47      3.46
   76     15075   15   75     12.77      9.07
   77     15081   15   81     19.05      9.03
   78     15087   15   87     15.49      4.79
   79     15088   15   88     16.75      6.76
   80     16025   16   25     10.31      2.19
   81     16049   16   49     15.01      5.28
   82     16059   16   59     16.58      1.11
   83     16066   16   66     16.51      2.29
   84     16078   16   78     14.16      1.71
   85     16080   16   80     14.67       4.8
   86     16085   16   85      11.3      5.91
   87     17009   17    9     19.71      4.11
   88     17017   17   17     14.45      2.68
   89     17035   17   35     10.32      9.19
   90     17043   17   43      12.3       9.8
   91     17047   17   47     13.75       4.5
   92     17060   17   60     11.29      5.24
   93     17066   17   66     17.84      9.39
   94     17072   17   72     13.05      5.96
   95     17075   17   75     10.44      4.95
   96     17087   17   87     19.75      1.65
   97     17093   17   93     14.68      4.66
   98     17098   17   98      18.2      4.62
   99     18023   18   23     10.55      6.38
  100     18034   18   34     17.16      5.69
  101     18087   18   87     17.57      9.82
  102     18089   18   89     19.95      2.38
  103     18097   18   97     19.56       6.4
  104     19005   19    5     10.96      4.55
  105     19025   19   25     17.76      4.87
  106     19037   19   37     19.11      3.92
  107     19054   19   54     18.37      1.46
  108     19064   19   64     11.61      6.22
  109     19098   19   98     19.58      2.94
  110     20010   20   10     10.84      9.96
  111     20091   20   91     19.05      1.24
  112     21015   21   15     14.98      5.84
  113     21055   21   55     10.28      2.74
  114     21056   21   56      12.2      2.21
  115     21058   21   58     10.89      2.76
  116     21082   21   82     16.64      4.04
  117     21087   21   87      14.9       4.9
  118     21094   21   94     10.12       7.4
  119     21095   21   95     10.71      8.27
  120     22004   22    4     15.06      9.45
  121     22030   22   30     19.66      2.97
  122     22035   22   35     11.59      9.13
  123     22054   22   54     15.56      3.79
  124     22056   22   56     19.01      1.42
  125     22077   22   77        15       1.6
  126     23000   23    0     15.18      9.15
  127     23038   23   38     18.64      9.35
  128     23045   23   45     14.26      9.58
  129     23063   23   63     19.32      6.81
  130     23064   23   64     19.95      5.17
  131     23079   23   79     15.82      7.03
  132     24036   24   36     12.51      8.99
  133     24052   24   52     17.91      9.36
  134     24079   24   79     17.86      1.37
  135     25036   25   36     19.05      7.58
  136     25047   25   47     12.87      4.66
  137     25059   25   59     12.22       5.2
  138     26009   26    9     12.24       3.2
  139     26020   26   20      15.3      3.95
  140     27044   27   44     15.85      8.24
  141     27058   27   58     10.87      2.04
  142     27082   27   82     17.53      4.25
  143     27086   27   86     16.95      9.42
  144     28014   28   14     11.24      2.37
  145     28053   28   53     17.41      3.04
  146     28064   28   64     17.93      1.45
  147     28069   28   69     14.62      7.72
  148     28091   28   91     11.21       8.4
  149     28096   28   96     14.26      8.43
  150     29001   29    1     18.49      4.31
  151     29014   29   14     19.52      8.71
  152     29054   29   54     11.12      4.65
  153     29079   29   79      16.2      8.14
  154     29084   29   84     16.78      6.45
  155     30059   30   59     10.88      1.84
  156     30066   30   66     15.46      3.39
  157     30092   30   92     11.46      9.15
  158     30097   30   97     16.46      2.29
  159     31015   31   15     17.49      9.56
  160     31024   31   24      18.6      5.39
  161     31037   31   37     16.01      1.01
  162     31047   31   47     15.86      6.81
  163     31053   31   53      14.1      6.56
  164     31062   31   62     19.27       3.6
  165     31084   31   84     13.24      8.69
  166     32005   32    5     12.52      8.83
  167     32032   32   32     18.33      8.23
  168     32053   32   53     19.79      2.27
  169     32065   32   65     13.17      4.18
  170     32083   32   83     14.84      8.36
  171     33046   33   46     10.51      9.53
  172     33082   33   82     17.63      4.61
  173     33090   33   90     19.74      2.31
  174     34003   34    3     18.24      4.43
  175     34051   34   51      16.1      4.41
  176     34058   34   58     15.79      8.57
  177     34097   34   97     19.18       7.5
  178     35020   35   20     13.78      7.35
  179     35029   35   29     18.32      1.66
  180     35043   35   43     14.85      6.47
  181     35049   35   49     14.51       8.5
  182     35072   35   72     17.94      4.06
  183     35075   35   75     15.32      5.46
  184     35098   35   98     18.44      9.62
  185     36046   36   46     11.57      2.71
  186     36047   36   47     11.29      6.38
  187     37013   37   13      16.1      6.82
  188     37024   37   24     11.53      7.61
  189     37087   37   87     16.32      9.45
  190     38006   38    6     18.15      9.74
  191     38020   38   20     19.74      2.45
  192     38027   38   27     11.08      8.98
  193     38083   38   83     10.04      5.44
  194     39021   39   21     12.31      9.64
  195     39068   39   68     18.78      4.75
  196     39086   39   86     16.74      8.38
  197     40023   40   23     13.28      5.45
  198     40039   40   39     12.63      9.35
  199     40046   40   46     15.29      9.95
  200     40081   40   81     19.32       8.2
  201     41001   41    1     15.75      7.96
  202     41038   41   38     16.57      7.79
  203     41053   41   53     11.01      8.27
  204     41061   41   61     10.24      3.09
  205     41074   41   74     16.44      4.42
  206     41077   41   77     12.18      3.41
  207     42002   42    2      18.4      1.26
  208     42067   42   67     17.84      5.73
  209     42071   42   71     19.89       1.5
  210     42080   42   80     12.14      3.99
  211     42084   42   84     10.13      6.19
  212     43026   43   26     17.85      9.58
  213     43031   43   31     10.64      2.12
  214     43072   43   72     12.56      8.87
  215     44003   44    3     18.66      6.19
  216     44006   44    6     11.69      6.02
  217     44091   44   91     15.87      6.11
  218     44094   44   94     16.74      3.75
  219     44098   44   98     17.14      8.03
  220     45046   45   46     11.08      1.13
  221     45062   45   62     17.01      8.17
  222     45067   45   67     16.02      7.07
  223     46024   46   24     10.83       9.4
  224     46067   46   67     16.49      5.98
  225     47014   47   14     15.45      1.48
  226     47031   47   31     17.98      5.57
  227     47036   47   36     16.68      1.57
  228     47042   47   42     11.36      2.71
  229     47048   47   48      15.3      5.77
  230     47060   47   60     13.32      4.01
  231     47063   47   63     19.84      2.43
  232     47064   47   64     18.43      1.53
  233     47090   47   90     12.79      9.07
  234     48002   48    2     18.52      9.04
  235     48014   48   14      18.9       9.2
  236     48015   48   15     11.55      7.07
  237     48030   48   30     10.53       2.3
  238     48060   48   60     11.71      5.18
  239     48064   48   64     17.53      9.71
  240     49013   49   13     11.06      9.85
  241     49017   49   17     16.26      5.73
  242     49028   49   28     13.95      4.45
  243     49033   49   33     18.31      7.32
  244     49047   49   47      14.1         8
  245     49049   49   49     12.54      7.48
  246     49054   49   54     10.66      1.93
  247     49062   49   62     11.58      3.21
  248     49072   49   72        14       8.4
  249     49079   49   79     14.25      3.54
  250     50037   50   37     11.96      6.19
  251     50052   50   52      19.4      7.08
  252     50079   50   79     18.16      6.87
  253     50080   50   80      10.4      4.59
  254     50093   50   93     11.62      4.45
  255     51003   51    3     11.56      6.49
  256     51008   51    8     13.32      7.23
  257     51028   51   28     10.72      9.73
  258     51030   51   30     13.18      3.66
  259     51066   51   66     13.32      1.91
  260     51076   51   76     15.35      1.55
  261     52041   52   41     16.64      5.06
  262     52046   52   46     14.25      4.61
  263     52054   52   54      19.3      5.47
  264     52062   52   62     19.28      3.92
  265     52099   52   99     15.05      3.59
  266     53022   53   22     11.99      1.53
  267     53025   53   25     19.39      1.73
  268     53038   53   38     12.99      7.87
  269     54011   54   11     12.89      3.91
  270     54017   54   17     10.11       7.9
  271     54081   54   81     15.81      1.85
  272     54083   54   83     17.84      4.29
  273     55030   55   30     16.07      6.77
  274     55069   55   69     10.16      7.97
  275     55071   55   71     11.28      3.02
  276     55073   55   73     17.78      5.08
  277     55085   55   85     13.81      6.08
  278     55087   55   87     16.83      9.63
  279     56032   56   32      18.8      6.56
  280     56086   56   86     18.53      2.58
  281     56095   56   95     11.75      1.32
  282     57026   57   26     17.25      8.86
  283     57027   57   27     19.33      8.69
  284     57033   57   33     19.29      9.59
  285     57090   57   90     18.77      2.74
  286     58095   58   95     19.17      4.86
  287     59001   59    1     15.67      5.78
  288     59050   59   50     14.05      2.32
  289     59053   59   53     16.87      8.44
  290     59058   59   58     10.32      2.37
  291     59070   59   70     14.89      3.09
  292     59077   59   77     17.76      7.06
  293     59095   59   95     14.06      7.33
  294     60032   60   32     13.77      3.73
  295     60042   60   42     18.01      7.58
  296     60064   60   64     16.86      3.84
  297     60081   60   81      10.3      9.75
  298     61033   61   33     15.92      5.46
  299     61044   61   44     16.65      1.55
  300     61062   61   62     14.22       1.1
  301     62013   62   13     10.05      8.04
  302     62020   62   20     13.39      6.22
  303     62041   62   41     14.89      8.99
  304     62078   62   78     16.41      2.11
  305     62087   62   87     13.55       8.9
  306     63002   63    2     18.56      8.11
  307     63049   63   49     10.45      7.14
  308     63050   63   50     11.03      8.08
  309     63074   63   74     18.34      1.17
  310     64000   64    0     11.94      6.35
  311     64003   64    3     15.38      9.46
  312     64029   64   29      14.9      6.85
  313     64030   64   30     19.98      4.03
  314     64062   64   62     11.37      1.28
  315     64073   64   73     18.14      4.34
  316     64078   64   78     11.95      4.51
  317     64093   64   93     13.71      1.09
  318     64097   64   97     13.33      1.39
  319     65001   65    1     18.78      7.12
  320     65007   65    7     10.63      9.25
  321     65017   65   17     18.84      9.94
  322     65020   65   20     13.42      7.61
  323     65022   65   22     12.72      7.58
  324     65024   65   24     12.13      7.99
  325     66004   66    4     17.49      1.85
  326     66005   66    5     15.65      4.16
  327     66012   66   12      15.7      6.39
  328     66025   66   25     12.66      7.74
  329     66054   66   54     15.83      7.38
  330     66058   66   58     10.18      7.89
  331     66081   66   81     10.76      1.35
  332     67030   67   30     17.55      8.97
  333     67069   67   69     18.36      9.91
  334     68044   68   44     13.58      3.35
  335     69007   69    7     16.02      6.94
  336     69009   69    9     15.99      7.77
  337     69015   69   15     18.47      9.75
  338     69048   69   48      10.4         4
  339     69053   69   53     10.53      3.62
  340     69055   69   55      18.4      9.97
  341     69086   69   86     15.01      8.33
  342     70005   70    5     12.88      6.52
  343     70008   70    8     15.16      3.44
  344     70030   70   30     14.07      4.52
  345     70032   70   32     12.49      6.15
  346     70065   70   65     14.01      2.74
  347     70066   70   66      11.3      1.93
  348     70084   70   84     17.16      9.49
  349     70086   70   86     16.44      1.08
  350     71024   71   24     19.82      8.13
  351     71030   71   30     13.14      5.33
  352     71037   71   37     11.81      6.14
  353     71040   71   40     19.95      1.07
  354     71044   71   44     19.96      2.84
  355     71050   71   50     15.99      8.45
  356     71053   71   53     18.33      2.56
  357     71059   71   59     11.53      2.45
  358     72000   72    0     17.64      1.02
  359     72011   72   11     18.95      2.55
  360     72015   72   15     12.82       7.4
  361     72049   72   49     11.25      6.49
  362     72064   72   64     13.33       5.7
  363     73000   73    0     12.77      8.64
  364     73010   73   10     19.82      3.96
  365     73011   73   11     13.42      7.72
  366     73061   73   61     11.74       2.8
  367     74018   74   18      12.6       5.1
  368     74020   74   20     17.27      4.75
  369     74031   74   31     17.39      5.99
  370     74049   74   49     17.05      3.38
  371     74052   74   52     13.18      3.04
  372     74056   74   56     11.27      3.38
  373     74083   74   83     10.04      2.42
  374     74091   74   91     19.78      7.14
  375     75002   75    2     14.41      2.31
  376     75022   75   22     12.77      9.22
  377     75023   75   23     12.56      9.96
  378     75033   75   33     10.36      7.67
  379     75056   75   56     10.12      2.51
  380     75092   75   92     14.16      5.68
  381     76006   76    6     15.77      2.33
  382     76014   76   14     11.66      8.55
  383     76022   76   22     16.21      9.05
  384     76038   76   38     19.38      6.66
  385     77057   77   57     12.67      3.83
  386     77062   77   62     17.43       5.1
  387     77066   77   66     13.42      5.84
  388     77097   77   97     10.65      9.85
  389     78019   78   19     12.75      5.59
  390     78029   78   29     14.21       8.9
  391     78040   78   40     18.28      1.41
  392     78072   78   72     12.05      4.55
  393     79008   79    8     10.57      2.97
  394     79012   79   12     10.86      5.71
  395     79019   79   19     15.99      7.38
  396     79032   79   32     18.94      1.02
  397     79041   79   41     11.08      2.38
  398     79076   79   76     13.48      9.43
  399     79095   79   95     12.18      8.37
  400     80034   80   34     16.93      2.71
  401     80079   80   79     16.68      5.16
  402     81000   81    0     13.21      2.35
  403     81009   81    9     15.65       1.3
  404     81027   81   27     17.02      3.83
  405     81055   81   55     13.73      8.11
  406     81058   81   58      13.6      8.05
  407     81074   81   74     14.54       9.2
  408     81075   81   75     17.58      4.45
  409     81083   81   83     14.58      6.03
  410     81099   81   99     15.65      4.57
  411     82027   82   27     19.99       8.7
  412     82047   82   47     10.22      6.67
  413     82056   82   56     15.76      9.19
  414     82062   82   62     17.48      9.39
  415     82081   82   81     19.93      8.46
  416     82090   82   90     19.02      7.27
  417     83027   83   27      14.6       3.1
  418     83055   83   55     15.04      9.79
  419     83064   83   64     14.25       4.4
  420     83099   83   99     11.62      5.57
  421     84014   84   14     14.28      6.89
  422     84017   84   17     17.63      1.52
  423     84055   84   55     13.03      1.92
  424     84065   84   65     18.05      6.13
  425     84082   84   82     14.94      8.06
  426     86024   86   24     13.26       3.8
  427     86058   86   58     11.33      9.27
  428     86085   86   85     10.77      5.66
  429     86091   86   91     10.87      7.97
  430     86094   86   94     14.46      4.07
  431     87008   87    8     10.61       6.1
  432     87060   87   60     15.82      7.43
  433     87065   87   65     10.63      5.76
  434     87078   87   78     13.39      3.24
  435     88024   88   24     15.86      7.59
  436     88030   88   30      14.5      2.97
  437     88034   88   34     13.77      1.64
  438     88056   88   56     15.49      8.47
  439     88059   88   59     16.08      1.23
  440     88071   88   71     18.96      2.12
  441     88075   88   75     12.52      3.89
  442     88086   88   86     12.49       8.6
  443     89020   89   20     16.94      7.51
  444     89042   89   42     12.24      5.27
  445     89046   89   46     16.64      3.03
  446     89054   89   54      11.1      6.61
  447     89062   89   62     16.14      9.71
  448     89090   89   90     18.21      3.77
  449     89098   89   98     12.91      1.29
  450     90015   90   15     12.38      6.77
  451     90026   90   26      13.2      7.23
  452     90081   90   81     12.88      6.01
  453     90085   90   85     18.18      5.78
  454     90090   90   90     19.35      4.11
  455     90093   90   93     18.18      3.28
  456     90099   90   99     14.37      5.31
  457     91024   91   24     19.21      4.26
  458     91036   91   36     13.63      5.75
  459     91055   91   55     10.96      8.01
  460     91072   91   72     18.12      7.84
  461     91076   91   76     17.38      2.45
  462     92006   92    6     18.05      5.71
  463     92014   92   14     13.34       7.8
  464     92016   92   16     12.63      8.02
  465     92041   92   41     11.84         1
  466     92062   92   62     19.73      5.82
  467     93047   93   47     11.67      2.38
  468     93081   93   81     18.05      7.11
  469     93094   93   94     19.28      4.29
  470     94011   94   11     16.97      2.35
  471     94021   94   21     10.07      6.63
  472     94067   94   67     11.47         2
  473     94072   94   72     12.05      6.98
  474     94098   94   98     19.37      6.91
  475     95023   95   23     13.86      8.97
  476     95057   95   57     13.15      5.35
  477     95082   95   82     14.35      8.21
  478     95084   95   84     11.56      2.16
  479     95089   95   89     11.43      4.01
  480     95092   95   92     19.86      1.56
  481     96011   96   11     11.56         9
  482     96021   96   21     17.93      5.35
  483     96055   96   55     18.21      3.69
  484     96065   96   65     13.62      3.16
  485     96084   96   84      18.6      2.12
  486     96094   96   94     16.91      9.47
  487     97075   97   75      19.9      8.46
  488     97078   97   78     13.23      5.95
  489     98071   98   71     18.89      3.24
  490     98097   98   97     16.44      2.97
  491     99007   99    7     10.48      5.86
  492     99037   99   37     18.08      2.07
  493     99088   99   88     19.92      3.84
  494     99095   99   95     10.78      6.21


   0  41
   1  53  56  57  60  84
   2  54  56  79  99
   3   5  23  38  75  92
   4   9  35  47  65  81  82
   5   0  51  90
   6   7  11  32  51  55  59  68  74  93
   7   0  11  29  31  37  73  93
   8  16  45  87
   9   9  87
  10   1  22  33  59  62  63
  11  18  66  78  84  97
  12  13  30  41  49  54  62
  13  19  78
  14   6  29  35  69  84  91
  15  11  12  26  54  55  71  75  81  87  88
  16  25  49  59  66  78  80  85
  17   9  17  35  43  47  60  66  72  75  87  93  98
  18  23  34  87  89  97
  19   5  25  37  54  64  98
  20  10  91
  21  15  55  56  58  82  87  94  95
  22   4  30  35  54  56  77
  23   0  38  45  63  64  79
  24  36  52  79
  25  36  47  59
  26   9  20
  27  44  58  82  86
  28  14  53  64  69  91  96
  29   1  14  54  79  84
  30  59  66  92  97
  31  15  24  37  47  53  62  84
  32   5  32  53  65  83
  33  46  82  90
  34   3  51  58  97
  35  20  29  43  49  72  75  98
  36  46  47
  37  13  24  87
  38   6  20  27  83
  39  21  68  86
  40  23  39  46  81
  41   1  38  53  61  74  77
  42   2  67  71  80  84
  43  26  31  72
  44   3   6  91  94  98
  45  46  62  67
  46  24  67
  47  14  31  36  42  48  60  63  64  90
  48   2  14  15  30  60  64
  49  13  17  28  33  47  49  54  62  72  79
  50  37  52  79  80  93
  51   3   8  28  30  66  76
  52  41  46  54  62  99
  53  22  25  38
  54  11  17  81  83
  55  30  69  71  73  85  87
  56  32  86  95
  57  26  27  33  90
  58  95
  59   1  50  53  58  70  77  95
  60  32  42  64  81
  61  33  44  62
  62  13  20  41  78  87
  63   2  49  50  74
  64   0   3  29  30  62  73  78  93  97
  65   1   7  17  20  22  24
  66   4   5  12  25  54  58  81
  67  30  69
  68  44
  69   7   9  15  48  53  55  86
  70   5   8  30  32  65  66  84  86
  71  24  30  37  40  44  50  53  59
  72   0  11  15  49  64
  73   0  10  11  61
  74  18  20  31  49  52  56  83  91
  75   2  22  23  33  56  92
  76   6  14  22  38
  77  57  62  66  97
  78  19  29  40  72
  79   8  12  19  32  41  76  95
  80  34  79
  81   0   9  27  55  58  74  75  83  99
  82  27  47  56  62  81  90
  83  27  55  64  99
  84  14  17  55  65  82
  86  24  58  85  91  94
  87   8  60  65  78
  88  24  30  34  56  59  71  75  86
  89  20  42  46  54  62  90  98
  90  15  26  81  85  90  93  99
  91  24  36  55  72  76
  92   6  14  16  41  62
  93  47  81  94
  94  11  21  67  72  98
  95  23  57  82  84  89  92
  96  11  21  55  65  84  94
  97  75  78
  98  71  97
  99   7  37  88  95
